76
71
78
81
78
71
75
81
82
91
80
95
86
85
81
90
84
71
72
73
95
79
78
77
79
72
77
80
85
81
73
78
69
82
83
79
73
74
74
76
91
69
88
95
79
84
86
81
87
87
85
66
73
79
75
76
75
81
78
80
74
74
77
74
94
75
82
77
91
60
92
73
86
76
80
77
84
95
83
60
71
77
87
87
87
79
84
73
88
82
86
81
75
84
87
73
63
74
70
80
73
83
82
76
92
73
75
75
82
94
83
94
73
79
79
73
86
83
76
83
72
84
74
73
83
73
78
74
92
71
72
76
81
67
90
75
89
79
82
81
92
71
76
80
72
90
79
70
79
79
82
83
82
91
74
92
81
79
82
86
77
72
84
81
84
82
79
88
79
86
79
67
87
72
94
82
86
73
85
84
86
79
86
88
81
79
70
68
74
78
80
87
79
85
66
88
89
87
79
98
74
86
84
74
78
83
84
84
91
84
96
76
83
73
85
78
75
79
75
75
83
80
74
89
68
75
81
79
74
83
89
88
89
84
71
74
76
84
84
74
78
73
83
84
87
75
87
88
75
76
90
67
74
88
81
80
75
79
83
71
86
67
76
82
76
71
81
90
80
84
83
73
88
71
74
86
80
91
85
82
78
88
97
74
79
70
73
84
84
76
85
95
82
92
66
87
81
80
73
79
77
85
83
89
76
93
81
83
86
85
69
84
91
79
83
83
86
61
78
80
80
79
73
84
87
84
73
74
74
85
78
88
81
87
87
78
75
77
83
71
80
95
82
76
79
82
68
75
66
88
73
78
79
89
79
84
64
95
90
76
80
85
82
80
76
83
79
83
83
88
65
80
83
72
87
81
86
81
69
72
75
82
83
73
71
84
91
82
86
86
83
84
85
89
78
83
89
77
88
75
83
99
77
83
82
85
80
84
82
75
75
77
68
98
91
77
62
80
76
85
82
78
72
76
78
76
83
75
74
96
82
82
86
69
89
68
74
70
71
66
92
66
86
76
75
74
84
77
84
84
80
87
82
80
75
71
78
84
72
76
83
87
76
77
83
86
84
80
91
73
72
73
75
73
75
81
76
73
77
92
80
89
71
83
76
85
68
79
89
71
75
84
78
84
76
81
81
71
85
78
68
83
76
82
87
91
77
81
78
82
76
76
75
75
81
75
89
70
74
85
81
81
84
78
78
81
76
88
81
72
73
75
66
75
64
81
75
82
84
85
92
78
81
76
86
78
78
69
74
84
69
86
74
82
67
77
87
68
71
81
72
80
83
72
73
82
81
80
71
77
69
74
80
82
80
93
82
86
81
69
88
87
84
81
86
82
81
70
79
78
77
82
83
83
86
86
83
90
86
73
80
70
78
81
83
89
83
85
77
83
72
76
91
76
73
86
76
82
77
98
78
83
77
78
79
71
79
78
84
85
78
81
71
89
69
74
72
75
78
72
83
79
69
72
77
86
80
70
82
79
78
85
97
74
74
73
79
68
74
86
80
68
100
81
82
81
93
78
70
77
80
79
82
84
97
74
84
81
90
83
73
85
70
73
70
84
94
85
88
77
75
75
81
84
72
75
77
79
79
80
79
86
82
82
84
82
84
74
85
80
78
77
80
80
94
77
82
78
75
90
74
80
82
80
87
81
79
74
84
76
85
76
82
82
77
86
79
85
81
82
69
76
78
86
75
83
74
78
68
68
73
83
76
72
96
88
92
86
81
85
74
68
81
76
82
67
83
91
83
77
82
80
81
75
82
90
73
89
81
84
73
89
78
80
75
87
83
72
75
74
91
73
82
79
81
80
91
85
74
86
85
80
75
76
71
77
79
82
72
71
76
86
74
89
80
80
88
78
72
71
91
74
71
82
85
80
74
96
79
93
75
80
89
86
74
77
80
68
85
80
65
78
84
78
80
87
83
67
77
95
81
90
76
91
96
76
78
79
78
74
76
87
89
64
85
80
79
97
70
77
80
78
78
87
80
78
82
81
81
88
77
72
83
78
79
83
81
97
77
84
84
81
84
76
80
91
82
75
71
90
71
78
82
78
88
72
82
80
62
71
80
73
91
71
85
67
75
75
70
77
90
76
78
79
86
85
80
90
84
87
64
80
82
88
82
76
79
90
76
81
81
83
73
84
80
71
74
88
99
76
69
70
97
78
82
76
87
86
73
79
87
81
73
80
74
89
87
80
78
84
75
79
74
79
80
64
78
93
82
81
97
75
73
72
90
90
79
76
76
86
75
75
69
68
74
86
82
78
74
75
