0.8999894622708225
1.011836118172368
0.4142901795386238
1.4741281805603443
1.5985386067759317
0.3485677196881934
1.619175910434823
0.4911715081342668
1.6376537598278333
1.5532915771670286
0.42045126842657665
0.3994528309177116
1.367312764842309
1.9612932773188227
0.6723301401000166
1.963452720641663
1.3268982938013145
1.1930224618754983
0.08783241367646076
1.8335796136838756
0.10359114258246442
0.5140561892007681
0.21743520377821346
0.6546511892619188
1.7815220285105944
0.7818805539587409
0.35174214354771327
0.6189492020619647
0.49685064641408033
0.062441051701954284
1.7238438649940129
0.19976696361590376
1.9093686596370958
0.40934053136567367
0.8078918806373867
0.14327976009859475
1.3348612973119947
0.35225466714915143
0.5349786387001064
0.11526229604486321
0.8812640070223514
1.912010894552401
0.6963006530028153
0.8981870326266864
1.5801913420855533
1.4152467843078382
0.7295392318033056
1.9910447723551916
0.4874787776255016
0.4119992115757978
0.7378574338449041
0.2836117867825673
0.9984083915289831
1.8321763703349712
1.6644777921520595
1.6285787335933133
1.5083525094057717
0.10987708225251017
0.7695605992499285
1.2929067571937585
0.11079502316316703
1.89639515067688
0.22978343809837365
0.29530648128682474
1.8958011945538802
0.5510087098483489
1.581363088899181
1.9609549294408937
0.26098604413799414
1.238880786971935
0.9948150876261151
1.7711271723719435
0.5682230298850663
1.5496221753585648
0.12553045202752902
1.4951870806978347
0.7797690048329423
0.0739633621145923
1.477450422549082
0.018317267720119955
1.9783243472900858
0.7114272336421685
0.07840921876698675
0.6051671141466964
1.7865392348263787
0.2993889833504587
0.4743268901156246
1.8615946535048282
1.8420619222216494
1.8859656444473318
0.529005128897975
1.7363821084535398
1.7818499332351578
0.34935641723362143
0.7021311158415099
1.8577176128526367
0.4477317349818072
0.1363894381488215
0.6428382377397162
1.5632473195799261
0.9857554801360565
1.859783259414816
1.3885135708401966
0.6960136123864985
1.924184918690115
0.08273696229078066
1.49665434362928
0.8024989107902566
0.2689644950313063
1.7793644382869367
1.2458679562296102
1.8121748380205518
1.8796137669029793
1.7796219601671601
1.7614102695075182
0.38705754664446457
0.7408065670374236
0.25965669658235113
1.711679682840913
1.46069329786678
0.44129088003852013
0.8082895390978606
1.6526017146513698
0.513490335272157
0.5966422232104425
1.9439064414083354
0.3017908275994687
0.08623042282087914
0.3708180960105183
1.9522751353385925
1.9008740273727565
1.6951287287722285
1.7474130558459824
1.5959896023771347
0.7621684983677808
0.27493959599813356
1.7809431232596213
0.9629120785476902
0.12084133297554155
1.7545128916247472
0.8311522744781509
1.2788485044148958
1.97979292524907
0.6605928678538923
1.9412889196044056
1.5093791033026887
1.6113385733120198
0.4672564857614574
0.14559973969234757
1.632782887578672
1.6802236892950086
1.2350338760034756
1.857650857742731
0.7145324253064451
1.4259843112911883
1.8269961955992526
0.5765498648216884
0.3148038283640511
0.07693034317379617
1.9582688008248599
1.9140215614150478
0.3619656798636684
0.8633569575795549
1.7979393217180342
1.5795694460511314
1.3160435407741593
0.8425278266067123
0.8876353401290604
1.9572591472207344
1.785793118282447
1.9023897132596608
0.11094017025911143
0.7050537841048062
0.2939634363037522
0.6437624082673763
0.1800494830706838
0.41950315638833136
1.604700814648012
1.9305907919916523
0.7142053173283828
0.5297357296070624
0.8593886682653901
1.5266046820985557
1.6770397983082286
0.04978082663249503
1.5360314858831812
0.5184537712108308
1.523725564110772
1.866537395222061
0.7430767548642971
1.5736653675144532
1.4650950538319933
1.5320414459948943
0.3633946891841701
0.943819745051327
1.3659668676837136
0.04695672676130179
0.9874128851531727
1.4341568819490802
0.8255102736191212
0.31488501827607024
0.42198119866011885
1.593829938796495
0.5544506556647216
1.9428011200164057
1.4881076567169262
0.7829582763033271
1.2683554323897535
0.0424302911445267
1.160634911947898
0.24298276904514435
0.11814234977904912
0.6479802897153191
0.7249493712534825
0.45355792491232244
0.20063470903132566
0.14705463978167743
0.8159630190861198
1.9288555037234782
0.4803838277980304
0.8431768043387624
0.2761744729812002
1.7935113611282696
1.66575831022992
0.441233421158174
0.08175562485241564
0.12777570229427565
1.73980114466479
0.7415289222816974
1.1119638970793435
1.7782882947670215
0.055446451421096436
0.8942103693251864
1.518641067640237
1.8971773159254535
1.1773876687271136
0.8103218592114158
1.6058857697118634
0.5861739176148957
1.4368980999278849
0.36720372884962144
0.33286054274882027
1.5841838425282015
1.8077191975912064
1.8139742792832316
1.6511037865256863
0.27397251431510855
0.015169641271998498
1.8545159114849077
0.9999540909171224
0.19721388235233903
0.6207629696276733
0.4399297068606548
0.7962839700344638
0.9329391392067404
1.9434771815415597
1.6876505138425406
1.6482275784554279
1.9602080440901393
1.6808591460852658
1.567789277550804
0.840768356081056
0.03973809403030285
1.7233902466169493
1.4662498754868225
0.145804602729007
0.08127520720130837
1.9703400753975697
1.807836729807323
0.806569045355162
0.9452566417430951
1.8403300661101598
0.3023164097410192
1.9395856683686885
1.9967613810036258
1.3680816550182608
1.5457365840005712
1.9551834246791322
0.06256234017502675
1.998731819851375
1.0923066549468283
0.9342363733614716
1.812346220707524
1.6026553219073236
0.8581949664523251
0.2661774636630231
0.25799467779297686
1.8848046432340904
0.14454164776593978
1.5705144930786954
1.9804361425178865
0.4095306040678094
0.10353632586439043
0.20545470545407823
1.7831600734259223
0.3082947698713542
0.4120479784221341
1.60123936600466
1.1794749031147873
0.8061366001321965
1.3900939585034604
1.732307560117909
1.319435895756508
0.36032696928549784
1.2371735152164687
1.9081875283510903
1.9984951835793905
0.13936071539927014
0.5103609674039952
1.9628682023092607
0.9607221665396847
1.8739665601833362
1.9401379743471505
1.341467329539639
1.8558194229869267
0.3110720302683726
1.3057261764982355
1.754272484893137
0.29172517421628263
1.0926553069782219
1.8961055763973762
1.1613267486812462
0.2945158112000881
0.34235018566456593
0.01646234733615263
0.5573756750519715
0.4652375650520934
1.994991718781711
0.8813444420973874
0.3360119270837123
1.372401854130343
0.10012191366994709
1.5099049059348695
0.404994407258657
0.7223196928953977
1.974454052207629
0.1184485928708006
1.9477051096322628
1.636479436510178
1.6393081322256688
1.4747051235145576
1.8375252669689375
1.7482474233572054
0.0457715307177227
1.250493071764372
1.6410879523833968
0.735709909588951
1.7751769000284363
0.751384317476288
1.922715891833628
0.8428218623872259
0.31163248625107975
1.654280098408987
1.9411372441697277
1.598249241578356
0.06701614194069001
0.336702662993724
0.681065433579872
1.8769431396862895
0.31672876465124616
1.7608209690662944
1.2571779821284628
1.30872066323969
1.7228977541352468
1.802754464552954
0.557536068364862
0.3420149784393412
1.8688792264384402
0.8210298094838394
0.06413200016586484
0.5770971188405997
0.8687083578415539
0.03413723807328975
1.6506768349420238
1.5700605350017063
1.4441473654896608
1.554058857086171
1.9909232009928735
0.02800555243742534
1.8471649985784477
0.08859066907941811
0.7996330252670845
1.9785184880094244
1.5516553194598077
0.022265166191187357
1.6775376188866387
0.34820224308084385
0.9977517210720941
0.13193329969470538
0.4856606291181899
0.7078431302754608
0.6971685446358885
1.3525412581694736
0.3854899830608435
0.18250472051114355
1.2991157013960337
0.7768788178429926
1.8103522482684973
0.09001483505663595
0.7287841969139672
1.4560902579377344
1.917554040404791
0.20202296739927897
1.4777493379944615
0.5084040681244913
0.5318425299188231
0.5048929646186849
0.4316503772938807
0.6688204899231582
1.6831064736671157
0.9144877824498012
1.6488766902979353
1.445190218882534
0.06579994449540705
0.47821803192360113
1.497790564210256
1.6109081229821056
1.397373936291267
0.15979986061304133
0.016595712735296288
0.786472643163593
0.10663571352610096
1.3790627678029834
1.2587264279870076
0.4651017973062522
1.9042463065318838
0.8633878351153503
0.9326672977755773
1.8155775614176255
1.7386549815163566
1.340397371864564
0.2784293093516716
1.5718403162767147
1.9227602535239732
1.684140476002642
1.6186268389398193
1.3783394088257563
0.6216220081079235
0.25291938348841664
0.048073498997671486
1.9707247703128385
1.783455638671008
1.9198037002513115
1.8435762907527082
0.4407622678388264
0.8496041150571909
0.40971781807516383
0.6719831712014275
1.9348729805679947
0.706129782105562
0.9879410689444613
1.8197139505065283
1.7621415864037
1.5346953354814625
0.40197143461789436
0.7013161182109623
1.6225568380886277
0.479246187881382
1.8349815375814589
0.7784301773443533
1.815160391515438
1.625855878735432
0.1471623789076169
0.628833090140783
0.7374766262702501
0.1016106389311638
0.22457020140965517
1.7382496638586584
1.774073654554626
1.925145792176557
0.6764345338331497
0.156555174981122
0.4406304316714243
1.9518014539439936
0.24110390621926928
1.8052769146155563
1.297639394623459
0.9958840853403998
1.8148715762638692
0.4565957148959648
0.2320989086936631
0.24218446537255517
1.376539401784585
0.5784707694132627
1.5398185800952522
0.46322028486752403
0.31860004138872233
0.07754039767393907
1.8351912241707964
0.9902990278746463
0.36439947965440617
1.9699719692008033
0.7682688668835733
1.7950360906234726
1.7699625483137114
0.6920196250872878
0.27869959500839836
1.4366610329191887
1.7165972115593544
1.5837109648650234
0.17899659304676843
0.2625767450351182
1.904785060369245
0.7941285937975039
1.712759624527302
1.620401661387539
1.7065072106089212
1.7166320048411046
1.3361141008585071
0.19190720559952287
0.9913604651119041
1.5356454184312018
1.637629233446643
1.2818683962404325
1.9722967777023395
0.8206013899028975
1.945536194059888
1.76338762738384
1.7179722423521397
0.308146569434201
0.22617399716847378
0.8329272273110374
1.6146524641308266
1.7710182406873893
0.039504978856312954
0.8419827584019894
0.820428439101464
0.4923024308865205
1.813278786410109
1.400256646390395
1.8909852994431142
0.12064738364300129
1.6845451417345063
0.33902397531014566
1.9451991125478911
0.9371241323933518
0.4952121053366266
0.9779858788058775
1.4988213339249692
1.6231613039545603
0.6392720758376159
0.7681899084205509
0.7301796641846584
0.4554883178187465
0.6554150684565153
0.3823869194687529
1.8842343219837032
1.1461442255876024
0.7301344256540669
0.12563303069483267
1.8908427835664012
0.21681117152253254
1.8008748589972898
1.879150051591734
0.5881120190786431
0.7110973498570381
1.905272695072163
1.5383459494858882
1.7297007685475423
0.4818041129538919
1.497298476853893
1.917421401437291
1.8663090630882153
0.8665343463046347
0.1696210059526305
0.9786122528722857
0.43095352073161225
0.6913066794611024
0.12431455400246831
0.5126375292028781
0.5216675029384998
1.6717702091504363
1.9246542882938154
0.6327363736017528
0.3585000919569329
0.7387178627898254
1.083292872487781
1.896863855083399
1.5599726388403934
0.022413650681739523
0.5843081096038425
1.4909080404576083
1.3851803576381678
0.9651998544022371
1.2596488820870797
1.3651937600132782
1.7890756530984622
0.9570085506555109
0.803538134120389
1.6694537816211552
1.9916365161213083
0.35276031712399475
1.9948034954534675
0.9842933758006018
0.7491710786306264
1.294757120848978
0.8513536628059954
0.8680399392154784
1.13970315900125
1.5392228709902516
1.9070641306856042
1.7000488533196416
1.6710945092112892
1.6026157367378644
1.9410777233411016
0.4238272779984572
0.3930135405964257
0.8043059621228931
1.904445835185408
1.8027490386673715
1.7757997378628576
0.9147775574293295
0.47722016537138134
0.8533726547615399
0.5559245286584604
0.9059192241242153
0.17977253426627424
1.8791101458144632
1.9525400088467455
1.1521752869366808
0.6096716478494236
1.9359810102461024
1.202977890432673
0.45038458697497713
1.5683947513406418
1.5663267727466228
1.3387449100750828
0.3306065161633667
1.3019986836741972
0.23225737323740817
0.2955069857336239
1.9561014680352775
0.5712246119078993
0.4572928401448091
0.17137504640175255
0.8060109526036024
0.034044799646669614
0.31752199261555786
0.4408231917049792
0.816941928100754
1.6112043236220486
1.759684020656691
0.7893651240011552
1.95842492076391
0.9288466100581212
1.6102300647012548
0.8455243520133816
0.9757370708867235
0.762780927740604
0.6925724381709163
0.891210534463588
0.49500202409932886
1.5048949369271627
0.021978110208047304
1.5067573525955735
0.6471486656477029
0.6001077016867702
0.684527983512222
1.9171873782237467
0.36530504421876964
1.4963823201245448
1.3191904428861132
0.6464755568809146
0.6807080888159766
0.5832910233467196
1.9896773576859597
0.45171806820606775
1.6861284488613526
1.336658074526321
0.6296225774477926
1.985999280607293
1.1660715079733341
1.905805725233534
1.302211817321381
0.6593134177702459
0.2862520594011127
1.350839225103743
0.9084321388401755
0.235823232459657
1.88882421582831
1.9915225292175744
1.5482154567793047
1.839267890799726
0.9331738245906671
1.8491729322420363
1.887473807110114
1.2803513031250497
1.8982083238259264
0.44465000752527306
0.986791299947675
1.9529334493470745
1.7854297117724505
0.9765123103546354
0.44825287890541343
1.8480449494424624
0.8323873200306117
0.002136097393070408
1.3858271078793423
1.96084028851585
0.039148150976471466
0.07998626135223136
1.4348074534069633
1.5115314769555228
0.3937184284193053
1.9484554068834345
1.6489796529029888
0.3095307798083877
0.22725755424927255
1.929403662289484
0.11373148478012274
1.5111113833988012
1.2512561926295254
1.6069367449364726
0.8114938481689247
1.8808382615014816
1.4147762375123467
0.8765336471421176
0.7311728410618267
0.6326693248923914
0.9509831727027195
0.29545663470751143
0.7029448971647161
0.06712608550727037
0.31747243228234956
0.12020931742236439
1.4457375308762785
0.640479985442906
0.71781457245942
1.836065250891627
0.019276597073658416
1.8305548191432381
0.9014121991334804
1.6569783698421672
1.6512991982675702
1.9093136422189971
1.6779321979288704
1.6902900630562412
0.22002539824817396
0.73351832120023
1.7790978478855344
0.8843858260550193
0.06256122445052832
1.9595244914714933
0.09687287317345795
0.14328802698382867
0.8999970576724476
1.4321901628038738
0.9381388326019229
1.2819452096346309
1.8513025604353595
1.8892904093890464
0.43153502693383156
0.524622774478406
0.7527335999926061
0.7715969412802169
1.9398211316398335
0.6770209443802845
0.008413667732394043
1.7918291966664777
0.22962547460619798
0.5492384983789194
1.87379467132252
0.1421066395841029
0.3593778886717281
0.5766605925619145
0.6634402377520617
1.6100903972747742
1.9825666203102696
0.6535376189127157
1.736663921788823
1.9626255897400255
1.8552248303049161
1.213406088386771
0.33779945323762633
0.4998964425126231
1.7743550886087722
0.6253863349744021
0.7491560987719496
0.9439207898302759
0.9357860755742304
0.1955504721669709
1.8071680026806298
0.21055936436083816
1.7481172910445362
1.6947703418583218
1.6521608402602037
1.9766390822224622
1.9790541456647364
0.33540307492107146
1.6996998136252075
1.3850127256202156
0.14798403270092766
0.42199491890495255
1.925405355515963
0.36591503026669997
1.4893586050687802
1.7475457879457448
0.1153196110358646
0.9706911272145237
1.8390909746594082
0.13391294187258276
0.6410347431281644
0.0620055410305859
1.9525684470157691
1.914957451240893
1.712878014724382
1.8260515713642183
1.5063616792492636
0.803694370009105
1.9077814775096598
1.1759907769984757
0.5381504562532751
0.25359058397515716
0.6970154063262056
1.9160488179275195
0.37550652867773504
0.9284807050423667
0.34147666884286965
1.5996359078502909
0.7795943473828082
1.901916136406026
0.7461305677879505
1.9319671427014204
0.4485507084286184
0.20539852667667288
1.9973251487695685
0.9669701375835084
0.8135180895244151
1.589345614561785
0.9301463429514412
0.29945489724320795
1.6785058107062265
0.5703673890410963
0.07589205442591276
1.9436038504982371
0.23984983374568764
1.461239922544431
0.38300771724097554
0.4328091996778533
1.5920015771725047
0.2696136995404143
0.5563683779269044
0.04354823871004248
0.22107501700138757
1.655135614161428
1.7080279437987629
0.2983575249226683
1.5999276432639338
1.424362889087638
0.032317943107833196
1.5913789635540043
0.661407610302042
0.8378409175833015
1.301127130313414
1.322141661542809
1.965700845668506
1.76878029501678
0.245556561992449
0.24934940642320472
1.7889797480562208
0.9361421639839118
1.967986336057344
1.9047734293138778
1.6804973305071345
1.52373863173128
0.18869605410117174
0.6078059981632158
0.7044542419087334
0.2540607086486713
0.5609566175097079
0.9022702681068834
0.922561116025949
0.5068121783940432
0.6047838786139728
0.25937036283990267
0.8591010329995805
1.0826202186720923
0.4667917189869745
1.9400048049914185
0.446938026920685
0.5556377693015747
0.11606639533811489
0.12162212498891214
1.6806389902655292
0.879727064395144
0.558253829860314
1.8684602267201356
1.705931511668897
0.543091867343315
1.589354644433075
1.6916878397741986
0.6154771279588441
0.7688872911800996
0.8225897366876401
0.08185118786642494
0.3213392577223866
1.2475751693117514
0.38989547758788323
0.7694172607825116
0.24987157526735396
0.6773100520671558
0.509895563139179
0.1666389756512146
0.01034291604331847
1.76305560365216
1.6209146269015602
1.784102077617597
0.9411968145912835
0.9535500249682007
0.013411080182880323
0.8764764671928961
0.7223763275552253
0.7159736815193961
1.7317186489695402
0.11125418430680185
1.9175429967811666
1.8917439983884692
0.7037008591857224
1.9702180670121123
1.476029729473913
0.380638271377599
0.5906037941681197
0.3194032140159674
1.2486875913401645
1.2254945917294535
1.81003477272746
0.7720070743415206
0.6381888088638131
1.6585307870931931
0.819703522719986
1.3137792724338566
1.7003290168169038
0.5295494771903128
0.8445926619868898
0.12706406936732273
1.8383024624471815
1.7963675452965426
0.7427538066387158
1.9796069985624067
0.24716552193519395
1.9438067361041442
1.6069632678405288
1.4534980527422379
0.5239033705955142
0.5161549973674676
1.7628616303380624
1.947821242536143
0.3742956965820643
0.3593331702848197
1.3810285949739507
0.6348123829907216
1.5900184541763362
1.068051998539552
1.7803521701864087
0.9382331220322497
1.9578346564037745
1.9382516271798729
0.18374776519358513
1.5395309704408149
0.7451937987935521
0.33950926424421535
0.7926511584947448
0.2007188996648256
1.8395156142346671
1.8927326546256413
0.2027922659601996
0.15788212344969663
0.5178268169304305
0.5735006437842115
1.2300508124405911
0.6999295948970495
0.957400122922665
1.96425812658055
1.8851960054879937
0.4673541391290867
0.4258324649588095
1.6730699418109256
0.2850344519333835
1.4758476247024503
0.7306176214405488
0.2948604103482714
1.4109355729246977
0.8083546953596586
0.264971973633899
0.03539848173104325
0.07835300879027365
0.2291272873195065
0.3303799724017816
1.430978375404026
0.06505543820828459
0.35824252630454617
0.4493260889919071
1.830945561601938
0.06874771842256315
1.3637374794709953
1.8013752216207903
0.4359917567778112
1.866873946345826
1.4031955930089306
0.5204516281965046
