0.20866381363060169
0.925651400474713
0.7396569080996878
0.2822517695856207
1.6279307096520412
0.40517927905947204
0.4224617970110974
0.8811064499593668
0.05842719810382864
0.3131211138165537
0.10069339872436295
0.4386767146281797
0.5769734578697195
0.7158555857832454
0.08757517687409111
0.8044238489168138
0.9179630936440832
0.6014838021268674
0.46361798279279387
0.7313909095314585
0.45803094303012737
0.3312075764851589
0.48082611891716553
0.23489750490027506
0.16635295378542841
0.18266167696417052
0.20213357683824934
0.6308761652145167
0.7760270104309586
0.4414132772744544
0.48511272519907145
0.06342683129310164
0.4073031960798113
0.4766249304260094
0.2664817231540099
0.5206696296574741
0.7639947723622695
0.7044413160588111
0.21210611830886283
0.959294066679004
0.2334074295937888
0.8596716025871442
0.15483664481575188
0.6819597817369817
0.3801170709925589
0.013405348171552742
0.22631296577702673
1.0959031395725563
0.15417979875798296
0.7577401693467878
0.05721302833415333
0.029308052127266965
0.05888727632084711
0.9165099841156221
0.5952822315317355
0.11162431764366526
0.476205676293648
0.7141092917729943
0.6486521604516659
0.18166735591059785
0.12708437024465508
0.10327277928142299
0.7517749371866664
0.08614451375744747
0.21799183710066186
1.2018171134353521
0.2714185360248796
0.6520602635872864
0.11665422298574783
0.09709368715888983
0.604767569944182
0.14484151793341984
0.6740439621967134
0.16840975816110842
0.15596377892430546
0.16196237592682575
0.7562910430153219
0.010811937262509707
0.519344296777531
0.30656242355820357
0.05817829121395122
0.13195784146600195
0.0728230421541242
1.8186023266914502
0.1471238050613905
0.130467234793395
0.7789298412896243
0.3573382460573584
0.3629645959699145
0.5247378820659312
0.2118908051339182
0.27649794549485035
1.072769701465987
1.5532375024569691
0.17374174102169512
1.0190058209358739
1.2472799981092662
0.23888071246612547
0.2723014298218064
0.5958182347077394
0.2636858930454277
0.17206137752830203
0.08253523685674401
0.07482584271667882
0.1952317695152499
0.05369188095627149
0.49378801696186597
0.3604489678687848
0.05082340728753916
0.1604653372142441
0.05668410262798271
0.10811926233321582
0.348500041381458
0.9794310944903799
0.17922760394386522
0.5480250586963287
0.7564143050774409
0.5797186358788694
0.3357868243110505
0.6717534182650761
0.2658291174314117
1.3764844093724986
0.03221116606144294
0.33172923820085864
1.3886008920448334
0.36952938897584403
0.23073279817877854
0.11556468408961182
0.4481461955966448
0.5838026619588382
0.4491796517114545
0.305147928132389
0.17342433803068996
1.1158309319272715
0.5662374371144424
1.1528317213498516
0.052627390703767846
1.2892433676548816
1.132931559823864
0.3123823397735895
0.23327173968323553
0.8742543581744904
0.008938171635181574
0.3849318312401467
0.044992928662926236
1.1820072888996256
0.11494335979414612
0.04171317230824844
0.007959124761516685
0.050358108681274265
0.11327509068912335
1.3634278585419513
0.26436313029554004
1.227963394815192
0.2888668062361646
0.20040040853975458
0.0601708677633527
0.34459221560395814
0.24012179224410396
0.5230329199672786
1.3320338430728391
0.44592369954384153
0.18218801051729971
0.3649515828140847
0.778262113448819
0.6169722419535336
0.5703906147603988
0.24298930467147742
0.022183724659079394
0.3511736419853097
0.896044589154719
1.301716553805639
0.5081942978790994
0.2527237493932573
0.21797066767185436
0.13300538953978594
0.42902873834548
0.07263290097649289
0.8125324205045456
0.23774826665214255
0.09400447484872555
0.07683532570529444
0.507353801403565
0.4237153717858711
0.003433778536092941
0.8417281683952219
0.838021583251769
0.8520287762447226
0.7230918016990401
0.4966397774641108
0.125049237420373
0.7645651607843007
0.3165955411623867
0.3710061223640278
0.13257661007250077
0.34575650217415593
0.3121733514899521
0.30845990717868804
0.24398142913080226
0.07387201533778087
0.04279084305756152
0.6603600299346462
0.054522366225871303
0.2692742702339423
0.2716320299309358
0.15717365401613528
0.08327501726364801
0.03411840591501176
0.40485357695947033
1.2514929033607534
0.032692961511233826
0.4191439343108652
0.6307427068460926
0.7064320952021227
0.14064372162192457
0.3265019930462387
0.979459901113915
0.06988385846741559
0.06030156198952461
0.281629244768732
0.3111189903255436
1.2889661068341114
0.11105892378842835
0.014361147393267291
0.07272515327828748
1.3368844221280796
0.25984996763262747
0.005239551581867675
0.04171805807327761
1.064942810895877
0.677384795340718
0.20423115032726882
1.093016173259207
0.15783500660436262
0.2981903309290272
0.03704481753644582
0.24530923711702263
0.16607333578710767
0.2618498098721636
0.46466805530967087
0.05268373753833991
0.022407034426150652
1.249824811439859
0.24646906220949372
0.19641991105287837
0.0920264105176305
0.2440434562882965
0.36066444227895794
1.1878721572638975
0.5482638226679701
0.360624874245835
0.11660666751074299
0.4877035669382527
0.09954868210622248
0.005541172589306697
0.10236537952255434
0.4120944764035873
0.8569413892561124
1.297100153075725
0.027947905546325348
0.48868449461794805
0.05160167206384889
0.7442051390872031
0.8540747491986369
0.2546535059502184
0.0377915508953488
0.3041311911678146
1.148651632275325
0.19095878203386132
1.8497914132793938
0.12567018336602445
0.36065335385871533
1.0607734264202584
0.23590018087235226
0.08733129493540837
0.010426665090198243
0.04581752646017018
0.15278770830012936
1.233508960080767
1.560502824020709
0.3401069814670487
0.6323977209717794
0.3635397466868785
0.08943907618600128
0.08624758600245648
0.34426892628146727
0.16282860889759632
0.3090057121061693
0.3798070046817551
0.05991431494759804
0.3095824547794533
0.6861307824531576
0.18615660204565462
1.5287790578059026
0.5149064340397106
0.27834558775552604
0.20275315776762015
0.7266140186078185
0.07915938619178542
0.3660097869648682
0.18944287144209196
0.26004714471982004
1.2276126230236668
0.0028014110360977933
0.24999510850733675
0.48047836090892065
0.12872348012739884
0.4499710690448951
0.23258075226955036
0.3268100959659787
0.1657860451572336
0.3385435370768085
0.07809418624816249
0.41521341960513763
0.09468438983763408
0.38185437934606126
0.48466636203476304
0.7581881468890082
0.23645538445159794
1.4710247703066919
0.3158148513849567
0.7341352312360256
0.7080769194243474
0.3934429856567041
0.3849163983628645
0.0452175197436577
0.23126942035836157
0.15859440562493085
0.8874376337479398
0.10951189032720243
0.7236025493148086
0.5059257003088821
0.09331866323721642
0.2704010342116038
0.19908157820090847
0.18604228931870226
0.030278635979154218
0.16914255390447827
0.6519396196825991
0.39843251425166687
0.7019825696741171
0.6048900195902968
0.21437833283345525
0.43115960447611235
0.23052127890950677
1.6691504001578514
0.42658489619606604
1.7510227015504436
0.2115756408562263
1.3045533045071847
0.6570377428233275
0.7582848316811129
0.8527214760114594
0.12285106004053273
1.8214346778249404
0.597605965845762
0.14687112077353365
0.538361241500624
1.4534719397365499
0.3794820489669839
0.11505998005915337
0.29321745892270273
0.4110803006227833
0.5668473550128401
0.4956271806942424
0.2596701741477932
0.4571690520018253
0.1501487580665717
0.6990244175999143
0.44037121816007735
0.23284703910634486
0.5896648184513399
0.730596157923341
0.09847610615730057
1.1799051137921082
0.02944966802036645
0.2539008420452884
0.6742257902023765
0.377056242299196
0.6212362838948954
0.7013527488525425
0.21198309501458049
0.33372420301070305
0.0772602533386398
0.025857969624562584
0.18710631402631137
0.15897741889751124
1.1141150084407816
0.23516287887792078
0.6762786263055062
0.006357406061687615
0.6215536955704839
0.44325127659744246
0.24789681962284693
0.1855718189847978
0.08062957876151251
0.29981814216873
0.1733014137825682
0.23425141994941406
0.28661369223046307
0.13311079777475587
0.09805845499414921
0.030355299849506093
0.28566291772711255
0.022256419884351862
0.9096842879695658
0.008039038226036346
0.2923427518706984
0.14583934429906859
0.1398097811454056
0.07958123228812972
0.13071612959936146
0.6300102020246261
1.446735484344182
0.10637798426361306
0.21603082542643226
0.20441620105844222
0.4286985220316082
0.03585872579333721
0.039331806632926646
0.17199428469753156
0.7306263255351865
0.29929579709505805
0.41695671075186597
0.5089403802202082
1.146050263447327
0.04671234761275545
0.019750648575866343
0.2428439825567297
0.3443422777166576
0.28802749891991725
0.5693145431153068
0.045918481389769394
0.2281792881808458
0.7183537979418389
0.5422575556183168
0.409430660857255
0.5563675680487543
1.1715666568805148
0.469171646909719
0.6180763249424928
0.22916945297439728
1.1175211904441023
0.2205283730220752
0.2657919658545239
0.11511764925543011
0.17822242280707323
0.2393197374368332
0.8575288349916221
0.5633448659153031
0.44169429728584686
0.0775477685103975
0.44672097503625857
0.09227020318904014
0.00690355958322538
0.4485166361069913
0.3406541112242395
0.012755750341619382
0.018134156770981992
0.4902905525361269
1.2765533416818584
0.4259863612021234
0.010004623928331255
0.27795478164092513
0.3516598499951067
0.015115855877310512
0.9848069520061477
0.067061566572824
0.03807089920592193
0.5557838234359015
0.8520356780205436
1.0083230995878587
0.6363224450394205
0.31898634809748283
0.741054183789359
0.5081700828157778
0.1540872720885446
1.2483210598935328
0.0906065412206018
0.15812696409188412
0.8430050222308012
0.15798550175060155
1.0879343650281306
0.08639310437016323
0.6501500409634804
0.4339039145391468
0.415894922941491
0.3730589858946086
0.3562146267138055
0.9605402674741054
0.20382589707052956
0.014444742166555108
0.21700280160563598
0.7499227307233791
0.24503735650046038
0.3223962596520833
0.4205772408237835
0.08896848794665317
0.6817458075245675
0.33532551481567957
0.27787911843016205
0.016140953045645317
0.21108685545764538
0.4673059606690984
0.6044258820173758
0.3075708078860138
1.391486507172043
0.34711745881951217
0.30828605471726034
0.26260818909446326
0.20682479525440314
0.08419408402693679
0.24473877633122393
0.41580895906972315
0.13940101102818975
0.3245686032134736
0.9784874714038786
0.1913580187602127
0.058229509720517804
0.3911175469757174
0.35347991798162065
0.2637775001501944
0.5059421560345144
0.09713957477478115
0.4925929195851384
0.3787381462467682
0.3072897473620874
0.14421337223527522
0.15012890189579028
0.6304966196285786
0.6794333017017056
1.1855521669366516
0.07567027254016528
0.40612065020787885
0.9042638091805558
1.0573391928166505
0.35542682624160776
0.9888124248881322
0.3906035937707749
0.19548479394541057
0.4853797937182237
0.41491323211275793
1.2177296987240616
0.028064964510852622
0.02868696219913851
0.3629604383129094
0.028615835786818963
0.03989537446718614
0.025039279812055226
0.8211104711263855
0.11546323548917496
0.26893885301874987
0.49013995012480527
0.7214689257008806
0.006225478042592164
0.17727276591414945
0.14919436360533062
0.2720639448122356
0.7427166263538082
0.6604083463235143
1.4217218696414842
0.14430183060811386
1.1773288159594857
1.9513997775947574
0.5831308538772206
0.4514125455854949
0.4582476805233205
0.12208396857452242
0.20243931175381338
0.03235895410894008
1.615919537239537
0.05175221473082451
0.4274499999847263
1.2981287502243137
0.00874576888026668
0.3117306290985949
0.6254641287253561
0.3754047060814172
0.8161488599048374
0.26248527169156277
0.0417049399052345
0.25201976330022113
0.2738613687602721
0.2756192142210893
0.3489238648387054
0.49492643870057057
0.1507002868563076
0.15937504245666995
0.3346724028493883
0.41320050434342237
0.5707762794386284
1.2004592861969796
0.12181181123872678
0.7674343250753217
0.525394202974158
0.6792241237774999
1.0355637473280679
0.22467472051092002
0.38820231797780896
0.02686665148666676
0.19099126253886678
0.04710201672213606
0.3548253071968593
0.582135212813533
1.4278700361952577
0.18193578250767728
0.2702144830731239
0.5922607157589469
0.24213111318258373
0.49548249288004786
0.24685895499928454
0.269849445747371
0.6590258954273038
1.0806661217423512
0.24728277626792378
0.1292650015994721
1.3857169959296323
0.6028624884540675
0.27248841907772964
0.5168923095365987
0.6014477506282581
0.584977542160854
0.20899607931989816
1.218757239170723
0.9721327308806609
0.4358213920963112
0.44656448468691967
0.952386299100786
0.11401426056748401
0.7037062065142419
0.7009130614320553
0.0642103054690509
0.1827264795329207
0.21683907390165316
0.04998282869263282
1.4090801108369286
0.06331026725669756
0.03479242050946306
0.40335258897331977
0.05895751138757038
0.15917602488971624
0.24950203502001786
0.24918991805322074
1.9122940232644694
0.0896777914960358
0.019379839494593123
0.05027913531709001
1.1645189429214085
0.3893774702424449
1.0698668502812052
0.4972023939290312
0.04913457355461813
0.027706663721004984
0.10399223666879936
0.04886823966274827
0.1542429036652958
0.34619798208800623
0.01500078742861836
0.01267952072372202
1.2441314576145595
0.3836216510257925
0.3048787805053374
0.555463907270807
1.2563989070316248
0.2661707759284232
1.1480500360472143
0.12072778351404215
0.6229091815336397
0.0002787665831817895
0.3581972630706222
0.4069459944602025
0.6652298008016773
0.8801348877763506
0.319972623548076
0.40544053624189264
1.5114014186364357
0.21708017793779194
0.0916053839619085
0.18450496990164597
0.2146494373555954
0.08962267677800656
0.012369323142994946
1.6194857795380624
0.24613398874548026
1.2890076842190694
0.5057675287592331
0.02027558891971654
0.13493439966495036
0.02460175333944259
0.3640246280043206
1.2111253322600548
1.038243750006589
0.26160848834891004
0.2730078983785685
0.23523472324684785
0.5641682429115741
0.24833883807400206
0.537134504393669
0.11942746989450273
0.521188413982091
0.3783574933182352
0.2598014914753638
0.31979517639088373
0.28068042590318454
0.2906314909112058
0.30647317432947935
0.36531801689093646
0.7506377353641783
0.6127611708488137
1.8617503539994535
0.9396198140086888
0.08635893144241018
0.5821513561269925
0.3488025604632992
0.12423790019040072
0.8588844941109359
0.6262947556491264
0.051653745035636
0.19218934310492675
0.1548128545519602
0.38529160293765685
0.08251310932979146
0.1666943102777974
0.6646885253850401
0.2968352815233494
0.38283089586273455
0.1506354604456983
0.5235778847486247
0.060320387023184575
1.1469410118562473
1.4012161248021187
1.6217590523012644
0.9514300073956701
0.7588835071417898
0.8382827159396383
0.3029266774441928
0.0916861639057105
0.3549252579278438
0.6765542554490466
0.22279852622703034
0.688093696703084
0.44416509803532167
0.4447859128274652
0.13660563920018565
0.49911511629259775
0.30069130986085923
1.048574345466556
0.04199053650582946
0.6595579447429749
0.31294114724541056
0.8432733057767263
0.620910911133855
0.048231187679825135
0.11477981234765636
1.199454970515015
0.969380363130736
0.08887959811532788
0.19823341994372928
0.08599900167616839
0.13087853491835652
0.2415253715676436
0.07016744837044489
1.4648173534036637
0.06541586315876329
0.5135590349371264
0.5780148428927845
1.2140674428376435
0.2428575594244461
0.323743711537377
0.40050398493298073
0.05623394155331418
0.39463405380581584
0.09160727431399587
1.6829861890666953
0.689620115524387
0.2679907481982549
0.5607744470800006
0.2057465421024898
0.2763070722743569
0.22565431800580077
0.7895593629983131
1.3803770486075493
0.2473546731867297
0.017292788717173987
0.0837134010885813
1.3107763103305998
0.8984340451132229
1.5487658348268118
0.06165308359168503
1.838062304076031
0.34327262865861574
0.21325138831890394
0.13157558759388566
0.1954622441800653
0.011159449029053888
1.1908133656226982
0.45621104833946985
0.27267069050937515
0.06597182637130375
1.1411758303326955
0.075985567226307
0.3495051071739435
1.0266982237932343
0.44161761602304506
0.18935492552952482
0.5634153561877073
0.04086255189017645
0.015152229892943014
0.6271780158050887
0.5850050223248648
0.23890469418656465
0.07176672472326988
1.496219002272364
1.5704954645743263
0.9522165808270332
1.1803007330052908
0.3189505999306508
0.03848047864249432
0.7681057787188332
0.35186897730192807
1.1778828293317063
0.22150196693195245
0.31058686233639426
1.5734396411747316
1.3503583169482951
0.44040871258010444
0.6669036318818004
0.14119590650516298
0.38940675202678066
0.029559183457938527
0.17231695236217373
0.5024822245157097
0.054687696875781046
0.3944809785466743
0.38034115296578036
0.3670181730156252
1.6384690558774315
1.2946840109755924
0.268543796487411
0.6736477429090837
0.4172157342966816
0.4089882015878209
0.3315656124068535
0.262950159817383
0.1789592413519328
0.16504529154147501
0.0184157809080748
0.15350091623333065
0.179449564759971
0.7147285646906917
0.7672558010530673
0.7533126168858781
1.2493590800479726
0.5278954374841999
0.1761434730230464
0.13130807525293894
1.2631976291176645
1.326034349928411
0.17246231005344553
0.15826417084758812
0.41234303614295825
0.25220336880495325
0.27605439289922684
0.7073008640014054
0.15350944805656683
0.17141724721407225
0.24209893370433205
0.06220243031580596
0.1563541973060167
1.3772810908906319
0.9184974860976163
0.6283629899610537
0.6506219958722068
0.44461110340876264
0.7900269900275426
1.9388022012475086
0.42699503240058356
0.7450198277281885
0.8981939838790214
0.0032176795344048513
0.5214208867763039
0.7759273626359392
0.15441878464052158
0.3392368561032382
0.06547019549594278
0.5039203198662555
0.07412097566229361
0.3293301472907585
0.0026447581709617986
0.35652418715344536
0.07655989442124453
0.7569404449648253
0.5988496227796938
0.0028650696845572664
0.1982938987308021
0.33840615038957433
0.019260764961652254
0.2521028451242931
1.1173319069680376
0.634826646033661
1.658236293404631
0.25923493132481024
0.46759233853295595
0.751637353454849
0.08941997999776059
0.1392338648812482
0.7891106141812652
0.764078730328096
0.5880153631808226
0.3038114401727868
0.4601703494357487
0.4728584366046253
0.3204561468807232
0.9724961295209812
1.0078442586426635
0.07583060317504348
0.7674218278200692
0.5354861720886835
0.007558943580896656
0.8164134620721452
0.5975859187771266
0.6929333661985909
0.1586190525192681
0.6512951644997564
0.7742773942997907
0.6004688732785931
0.20518680279582158
0.12198255261694337
1.5257646583391005
0.024949842130198883
0.16132940902759255
0.23263111007103487
0.7157591219241491
0.36477506777113633
0.4726209792320532
0.07669939879641752
1.015233924209293
1.181436932980754
1.0706648536720986
0.4237668170694956
0.3908475520080633
0.2714052666566092
0.01902285356930307
1.066940883040359
0.07210441427252214
0.6324491315403532
0.5044013059268406
0.9392383514581194
0.6468206551481728
0.1527668682568494
0.6534118315227472
0.31015843309298025
0.968798014896453
0.8080993900039869
0.47076843125276124
0.0010814504523160157
0.600916719830287
0.1433600610631734
0.6365861502731962
0.5742093437899704
0.9699504942283272
0.13224933229104177
0.00836028287628173
0.41097494484455993
0.6057659495154669
0.07021726425858005
0.10218169883680375
0.43925175700904
0.08802514269697241
0.09032409006902269
0.5337437352674773
1.122099927067008
0.10173974539196749
1.3264944299847916
0.05720085848536776
0.0909586976327489
0.2522895696517617
0.6066640998670209
0.22385004920903834
0.16447623060342298
0.16795278215645318
0.38622164824840216
0.448507113798866
0.3029933112726102
0.0939520907919004
0.07560715031025171
0.49582849280730046
0.07801702724013983
0.07730709397696788
0.06909337790483204
0.11390528206068526
0.31121311779886685
1.7071362827868082
0.2640620619815097
0.29239845462582975
0.6090146358299637
0.0997456336270766
0.126274620058276
1.457630546248321
0.29667085285939687
