(4 . 7)
(0.20107535246187686 0.1431833279069189 0.08260576610014551 0.039681890779661735)
0.6875342228466456
0.7543785997924276
0.0433536344248699
0.4038137800510196
0.634092900643899
0.8830775242951059
0.3969812229210731
0.7723959797663531
0.19994397218999133
0.9809194656627367
0.3649400558573035
0.7942046216210726
0.6329047835069231
0.6165910766578615
0.45728246404667217
0.32819226367026355
0.510282317907252
0.10669077727749984
0.24118761419482154
0.9926788761460238
0.6149065929699158
0.938687024695543
0.4826657796265749
0.6188628882457226
0.20783665292664055
0.13991179598999526
0.7723525594103459
0.9762614930659511
0.9385188343496802
0.020627851199962445
0.37108451039194557
0.4181499753555271
0.5201056246138108
0.3316673084597104
0.07161527543700703
0.9509043325176699
0.3108524951751621
0.1725219145614091
0.9701690379984584
0.5030991098947393
0.5007250870463481
0.7989779685594649
0.06351499357519641
0.21313774057958512
0.6601214772801072
0.13180569731993252
0.810177485578907
0.41643941160743075
0.46568611843108965
0.5384031780967166
0.5481140106003066
0.08191269124807786
0.7796944331322896
0.5759891219916142
0.1371465377804078
0.8419297128267076
0.3855947906160067
0.03791101204359217
0.6154355830537624
0.9228679165142885
0.8028494094015746
0.2733362044333319
0.3640681388150372
0.1428523582204456
0.06123292230452594
0.9984784346733975
0.13878910124025612
0.825170191152813
0.6958037928508569
0.6376340544381839
0.577322638845795
0.6430591644617512
0.39863846309408557
0.7477901912155468
0.9035216369509
0.710383001891818
0.31946146801300007
0.1543025011417736
0.04200538218419988
0.1983954390199509
0.3783823043814673
0.18723121144438443
0.18459092322618517
0.5996941075977811
0.7061476080861647
0.9153241492778583
0.1692469192676617
0.8768077915012885
0.7415522377106514
0.3281773129154186
0.577776060713786
0.03859062307208069
0.4852589422217245
0.5550610435783624
0.5050383799355438
0.2969528757422693
0.9195350504627663
0.2823179996856824
0.17863971464267484
0.9324884023418623
0.40123023801853175
0.061145862731695984
0.29968198280172714
0.7646663533641496
0.5903650121288194
0.7206225152801451
0.006732396641824978
0.3688071937560794
0.7141936662495795
0.08457168065731172
0.19199623585101616
0.33122434674172296
0.3830518228176002
0.38124686300273697
0.9546707676657289
0.9053092406374221
0.4789069473307219
0.24839655628113164
0.0704540334768684
0.5720440496190364
0.7174840495541418
0.7785907173405563
0.17233653805358334
0.864851228866972
0.5971203628464219
0.7075762153081254
0.6109212762842946
0.4394658322932416
0.5678396444094009
0.38642331733742036
0.48098663847083717
0.5613585465500546
0.08911847894467499
0.8223952143588581
0.2604096059606406
0.4616829180228634
0.5581020640873419
0.5891983077286855
0.153511916038226
0.6793981756351005
0.050840231490965976
0.7291319800213566
0.8331050766366199
0.7477725051661677
0.8916815462218974
0.23675558628634596
0.6095615461908285
0.31204030870096394
0.6638508520743291
0.16806721663055502
0.10411992707684284
0.9975725129468095
0.13526422254158146
0.7753196911109835
0.15629968804082256
0.6617240765221901
0.9644732213603403
0.10277240615725995
0.23930034711362616
0.47871799663951237
0.44972645527289784
0.8381755916263264
0.7413137522976055
0.6810619597465004
0.9479366678676632
0.9570688696276223
0.7871712026492717
0.4307088201370637
0.8308858999107656
0.8833250742712095
0.6444447299103495
0.18255343683322775
0.15675148218970475
0.2962252762203239
0.580064480810755
0.9924483221092381
0.05875471611995738
0.74221679670296
0.9536595391950534
0.9356009402789632
0.886439116527172
0.8985779895224194
0.717329798546759
0.5246375946152536
0.7788218986231263
0.7894363925333064
0.8888530360724386
0.5973330718104912
0.13276731190634913
0.4827083657503455
0.41493640963611506
0.8781553357039369
0.23496283564536596
0.40529809712944653
0.3670800769125708
0.7005543496262526
0.8645819238929638
0.8621004364259753
0.14527643593435613
0.4866948803496862
0.12322998247850603
0.7567141126833241
0.2793596878430841
0.8110562781104134
0.5274024064884756
0.21538580995990161
0.5305227619476465
0.45245218256256875
0.855248129668555
0.9303275699513347
0.26190422020761245
0.16748771835990378
0.686233239419878
0.2171058534081135
0.49020176473119464
0.05384947503933004
0.8734075670756339
0.2887305047027639
0.905785872694911
0.8677207521362967
0.557366573934501
0.3630256037016692
0.35620210065740093
0.9194432607023508
0.3423133981882564
0.04407939365331873
0.8464505004374554
0.23553010122623788
0.8265285764164162
0.8464220492299149
0.23528264158842843
0.7533540310565473
0.9156555688139887
0.6756370439036995
0.12098951595039557
0.8098839052151545
0.29987769605930914
0.042830634142451904
0.6079982210564497
0.9351027625383286
0.5134739414329128
0.5894473112665678
0.7686188057699967
0.5642336386629839
0.28575636363525964
0.32201873091512734
0.13897515668227167
0.6005808687584524
0.3291217273700329
0.12806690592270262
0.5545212347853037
0.23211787926976546
0.6893305453427028
0.33314480918788364
0.6197743133905012
0.1141919516380704
0.6491937937755858
0.8715010376815256
0.3441992156657942
0.053333092735447764
0.9954965263752448
0.23479221035651393
0.026411943718251844
0.7842133234060303
0.41269688304535856
0.3196025896997514
0.10856111850140446
0.7600471936375407
0.682981578880029
0.2533240995117027
0.3436107983512446
0.7988430110643028
0.12217209311476802
0.6940758960246544
0.6580075754005406
0.5192111420901301
0.6311492468880125
0.3490249909454021
0.34090561720271795
0.9920663419994059
0.9736575578620593
0.6239890111120684
0.40836488826663625
0.8250314108111276
0.2159772377748195
0.6448700423662013
0.7076734398016883
0.19537356743535542
0.9525351866910512
0.07860102629033232
0.8136927558221141
0.4728087515906013
0.5821126992999207
0.13443530093937708
0.06744607515371956
0.04519301243129806
0.2741817105630869
0.19295331815590389
0.3413602414082108
0.8683601244396777
0.1713104286772593
0.7858830714746563
0.8486915453169126
0.09558938510776314
0.4416760226871383
0.9002569260200115
0.12329048585249602
0.023219512037387702
0.4885786789526151
0.6473060931637109
0.3866918434928878
0.7094665748460796
0.389473030346071
0.786609097294205
0.05440787885264466
0.4744948737078658
0.6175276433224208
0.6998713388045409
0.4692318457179293
0.7533757092203358
0.21948430609254532
0.4623537240944744
0.009483830764106662
0.11485801983868428
0.2403049862439365
0.13668314889774077
0.3790702868361538
0.7260194707224262
0.46683531419880353
0.44992909035302026
0.48754625986554245
0.7853442415016709
0.3505945543115184
0.7557778044607918
0.9936323230330655
0.5421080029938521
0.9945720499081041
0.012677057328826732
0.9868358718841015
0.9581856586277991
0.006494779221460707
0.9673068591393128
0.742989688772209
0.23130124344272976
0.9321516945230665
0.8414379269860427
0.34684349832670947
0.056087632353004895
0.3688986896842084
0.6356268777070546
0.788181185010282
0.9089277396111214
0.6960692081559439
0.04301208582392751
0.8276819833921858
0.09540863960166393
0.30992366454194353
0.3716025644199302
0.990461341341948
0.8127419657656758
0.8157847886167552
0.514578477021382
0.3647522567465132
0.9768908932323814
0.8980296146567353
0.9075697790306327
0.6923622838247929
0.2784308239150819
0.5240602178975301
0.501493017727171
0.013293322819520522
0.48781486844306177
0.28991139384488807
0.6443107263223806
0.04562394192670005
0.9710739504041574
0.8371952812039802
0.15664205387736374
0.8701044241855201
0.994040052816349
0.7043574430296078
0.10587363411246704
0.4701133740096311
0.20957373399085755
0.3712620104715457
0.6937691849432864
0.2993666816661763
0.3322392106302446
0.447357637120967
0.3037117573367538
0.9375912109434075
0.1801002641350159
0.01936971583145226
0.7053908367458019
0.21665305366363266
0.5458920275665684
0.2413823176658531
0.6859767389677377
0.5553557354756615
0.744084282258882
0.7798807344434767
0.43675961388414725
0.4567008051075432
0.2336117924636353
0.37704007360719505
0.20291338632953923
0.023166126995010868
0.43899255229869183
0.9649651990534649
0.029509246148616823
0.2841119999287874
0.8953577112952257
0.9993715730657073
0.7630020954423669
0.023559872037836674
0.4032901755730521
0.20821623883884813
0.12300017815642923
0.6252742288766987
0.05132045938508948
0.6833905964496648
0.019396238269847252
0.82241550019533
0.583681146708708
0.5823783302061942
0.397775856251218
0.30228947379538107
0.35922081855077537
0.8811213304924865
0.37354332504258764
0.5778310660246904
0.2896877229807541
0.12284874253732583
0.774397928285126
0.7418738688132178
0.6489062055415685
0.38111077325209997
0.9482814088097152
0.9863925856001811
0.9975348029954451
0.9426344037214193
0.3264223108756917
0.7494098229513605
0.4976588200109626
0.3299166575592628
0.3025501211943164
0.46235645915617785
0.7161968597138643
0.17653549875118393
0.5790392592177181
0.17889779415231694
0.51004643973188
0.3074544244330657
0.08322050662475299
0.1316127866449439
0.6724953856037559
0.6029803856322357
0.9003109001239453
0.9919514717361673
0.9394746770641611
0.7752260771223867
0.8106172835939552
0.2884197980145268
0.986741534956321
0.9323550259996778
0.36294085986253316
0.3869792852764231
0.5558918208408865
0.8780838965069155
0.833506634312072
0.5843867765628848
0.4188007263258452
0.4654122846680124
0.8740159398399563
0.25715588649931004
0.40927803845373734
0.034776099313383144
0.7276045543471695
0.10004953616538634
0.056456300370141516
0.149606229997728
0.762749788037491
0.7095825810900837
0.7061247406233908
0.14732484674164284
0.5698678445845171
0.5948812220560606
0.7025410519280795
0.06152731943821592
0.038721445494811206
0.9563107122463707
0.5590633869369479
0.8989389159202796
0.41895998365797027
0.7091051008305189
0.5907624563850907
0.5258171794400489
0.4999340644539999
0.9303191230880046
0.6548071313183483
0.6149938390401003
0.011632710792963357
0.8707009076852792
0.7049152489338005
0.7069974488242226
0.356481822940572
0.0037762557122533185
0.9055172762245857
0.8231073383256622
0.7027123375246689
0.579327747807878
0.00648564713751306
0.6740298807151186
0.7944217688030862
0.9158871950359403
0.35514438056154907
0.11171704070576106
0.9149886298267254
0.00127794157383308
0.423413914644647
0.2047097346697992
0.7441882104126616
0.8105154450953037
0.06929854918599554
0.7131923985071525
0.5713213423348124
0.4425363212468929
0.7516808401210269
0.45451810130378356
0.32676475797013144
0.3068372404254382
0.8375229160778147
0.6669535824857525
0.8982916010647671
0.606643765741471
0.9961438477500157
0.8866059010415402
0.733431757556695
0.9709587807206965
0.3771660580417468
0.2773847041409506
0.20118857637215964
0.033992865604934294
0.4678714953635985
0.6304395220082767
0.7948888140583582
0.9357115525351845
0.9172592125343896
0.17557134398232205
0.3815739828551627
0.7806342759569943
0.09833858568557209
0.43654854451355
0.21164780133933359
0.03943775063451663
0.7458408724365062
0.33381783250582153
0.6432707746979598
0.6585672849281681
0.7998797335603705
0.1453805182220293
0.03131150140259236
0.2251728921746746
0.06762397477072356
0.1066034804502325
0.9146058071027529
0.7711315910321128
0.6852874794369088
0.19921957292539796
0.10354954086670293
0.6672189665915317
0.9887890526252154
0.31241314159285594
0.24231454157303664
0.10934355779165869
0.27538626181901027
0.7966159271765764
0.7732669377791517
0.23401732385987498
0.8074954489616336
0.3938661671532697
0.43131900595369593
0.7800744635182174
0.4217363430003541
0.05034463677361711
0.2159983194264701
0.9069566020385766
0.5477526536985655
0.5635627923116696
0.7779820495797942
0.7580243865188846
0.6636240074955378
0.9880177524191543
0.3890260294818818
0.20822591411671373
0.8017796074902077
0.5976907695456595
0.2090081687722586
0.8297090759918765
0.606085576132359
0.6066041943090206
0.6372842822585094
0.29678115731349236
0.7616546213217456
0.0493742572771957
0.8903455397095235
0.9790392640605958
0.09190514290618472
0.043831885353902394
0.050744935999379195
0.6005941906300355
0.25499548531115546
0.9819912387184282
0.5844109509041249
0.643499947117639
0.15019405033447839
0.07852286108135133
0.6302163945708914
0.4076295706413106
0.4336337261357846
0.21744446065939216
0.2818227467637349
0.9860591020202948
0.9238795971420958
0.9393545282971445
0.3471493826264217
0.8753183856760675
0.892587452116001
0.5893181961910299
0.8117318153009326
0.5174561267790558
0.3245204581181182
0.19021080959677894
0.10615665257921995
0.38675775272902396
0.878412297859266
0.7419643076901734
0.7433922641504536
0.1586408256546808
0.49686537225451266
0.4705948987705026
0.727435993334904
0.8704887172350785
0.41536417356593264
0.7402052357705984
0.08853805819896891
0.017749249630571326
0.4132110043307508
0.10291595556925023
0.022089518977939142
0.3311063726130234
0.3144669158871096
0.6881134168076308
0.2720306829042691
0.10690719663088605
0.4978374560713282
0.7798031049778327
0.08720622005381011
0.5573628113911173
0.9312410172303515
0.6291530064455759
0.6112632206973504
0.15588594354323027
0.15207265890927826
0.9224627928045256
0.0046870650199496945
0.7795920335117595
0.5857605076949545
0.7696498399803339
0.3169923580564583
0.2810761347561693
0.31530285873054403
0.4942770048067014
0.09171821784167303
0.9046592051557067
0.9869336393387517
0.6901075596786972
0.13687206070623098
0.8794701788411005
0.21701738660680514
0.24445229346074096
0.22483037197140918
0.8597194016495803
0.991024146818794
0.3192703103200124
0.04874660706596782
0.883692785587185
0.5084867283620964
0.6878212692837288
0.028311464909646825
0.457880048835429
0.7772296410202434
0.6163065932206278
0.48669604915957393
0.05819957240147308
0.32010907693362983
0.6501093437482472
0.9135632084266161
0.07745260235623953
0.6352990770577938
0.8126138900461815
0.8513559710891084
0.5507065110250736
0.5593753490480764
0.035602250929285824
0.04684306279368631
0.6266005815316273
0.530771131021994
0.1762498250836422
0.5439929613262732
0.9292048346890617
0.2013917066830851
0.8383580570524736
0.7564517905334879
0.29489060801855443
0.6550296974010247
0.31980273023223693
0.9945597054596104
0.5933667301247548
0.4675520267921551
0.47412736332474553
0.5870869674519844
0.5996154103707535
0.5611955827867336
0.5038986738796636
0.4375752445812456
0.6458368379003514
0.24227703441717272
0.8347551563356707
0.8482937916287009
0.18323382016099865
0.6942474270247541
0.8954124933215322
0.05410606908939369
0.1434434107123477
0.25920692945715074
0.9319747322822792
0.7594323111609372
0.20600972507382345
0.2993989522277802
0.6205053343589207
0.3383872277067377
0.6550702790856869
0.32986837127539825
0.16935358481145132
0.6567113282149556
0.3000614001445406
0.08548938012257942
0.6324556864683477
0.1143268800294006
0.03153181298603702
0.8802940238037047
0.9286673837720454
0.5543086750656843
0.2323398099575845
0.13930781836994605
0.9735484350235376
0.5147240350634325
0.06509597961324355
0.2682489698742949
0.14461329162110684
0.7940933802564217
0.0031743805530181054
0.9089429560257437
0.9786064430489532
0.5013309720151226
0.4657679449021194
0.889575614834141
0.34469244296104373
0.9734575058052227
0.9718547759451424
0.32298360885600347
0.8947988499696742
0.35775309647727854
0.6278387349076702
0.1352704710178678
0.5064365599161956
0.09357756852734235
0.727903371305182
0.9371846054993566
0.8287960375634897
0.007249750082368967
0.7287140122085146
0.3043508250976381
0.5077059102716924
0.9168329373237797
0.3062106919688694
0.4106011605833288
0.27750325894930356
0.3267304820380966
0.6166644769874894
0.1852784158051737
0.47541323837031463
0.9627801087354922
0.6822383445467743
0.7431583752801973
0.7873914180736559
0.3395017123819227
0.5868276993418489
0.7689704766836621
0.0991209795738486
0.3969832194439391
0.5258544030081751
0.5564582687204983
0.44017492573624123
0.08852359033490224
0.2940470714033095
0.22381838726676642
0.1888882956208581
0.18417458988454072
0.5510567903099145
0.7059300546146584
0.7634267128987137
0.4924790005748235
0.7344052194981571
0.16538703520794013
0.6311442137877449
0.05250493900874335
0.5727314725816591
0.6988333306175967
0.4164008057237062
0.7125099145812128
0.03961629332978954
0.9415870150202186
0.9918630342715213
0.16944598645082798
0.8642824736355699
0.25665262653113957
0.4315237150892925
0.1989343632893515
0.42241349347448137
0.36151542356126204
0.8766995028950034
0.7424369599732775
0.0005313437689373978
0.611522307199575
0.06593079835027597
0.4060112730251497
0.9937258727604016
0.7957882379470286
0.662033908232826
0.3077376489549482
0.339875360181107
0.10155161240201803
0.2247782388594639
0.9076883971689239
0.6044828506960611
0.424104830532755
0.7346128795294742
0.4292176899680122
0.63147337044274
0.04094013560459675
0.8314554802940088
0.5269513944177633
0.5438841090369725
0.7660116921948344
0.9102988998270993
0.24606247134064188
0.21091782415074006
0.008822716734168371
0.4738582080608484
0.4935150217849586
0.3101939483360251
0.37738748488402857
0.5337570433089196
0.7833489966431147
0.45071430568317317
0.5648896199411343
0.6508451971169098
0.6334085056439437
0.6397774787791343
0.818484404414137
0.020576895279808487
0.6509776807863633
0.485160770805888
0.18742305016703775
0.8118573887893784
0.715617006609295
0.9124687900285955
0.6606185167116699
0.8102398529951204
0.2531769575227069
0.4210620798591787
0.32786512239741755
0.4497197588304314
0.9476808605523825
0.7990039838926934
0.7159193153286394
0.13520451614692328
0.6342300101928046
0.7817464476924533
0.08870174979091715
0.9855842513501469
0.5393709904023367
0.6304354502657833
0.446882959211165
0.44854710840103185
0.753651116452979
0.9223808180203685
0.618540848991018
0.23593027449061563
0.4879045049855805
0.6290832825119893
0.7701310348201672
0.8566862054147597
0.5981454314697184
0.3378502280155308
0.14359905544403093
0.794597569451736
0.15700912560753016
0.8811106861734351
0.7111528755444564
0.9330113050682358
0.8760185668272576
0.2842510734042673
0.30754587332940236
0.9937331135609392
0.9260892794995035
0.5244010153867796
0.5560194409107891
0.9902163187426037
0.21666231729690033
0.2591180023496376
0.6619994187950807
0.2855664192228148
0.4251115039044975
0.6686951008365911
0.6323693796370251
0.40731697034135694
0.9853894261086827
0.05855059953837766
0.2277255969510703
0.1531369811511813
0.6577462763086022
0.01203398185387911
0.8649591014048768
0.2556095146962393
0.28406082980443087
0.4439455979365587
0.17624427533215128
0.5310757536123872
0.6185949865420716
0.20614406440359667
0.15333438056836632
0.689463946132106
0.44178102768269695
0.7001278753454327
0.6779813442891742
0.16263363646059215
0.6034322899100176
0.3781086056601699
0.6543764595664814
0.6601977209376931
0.02578322458148718
0.30175104498961414
0.7533460812866654
0.03756024986797291
0.9902039787178925
0.7502989256899284
0.19514056844386232
0.23793346585942454
0.002594322557472413
0.3194456650979581
0.1933875263725886
0.27063463681656974
0.7740573517521679
0.21013138366568085
0.1846024048042717
0.9789202794468539
0.6348129452767532
0.23687785614062895
0.6893820744919292
0.02512435783303027
0.5851507796233898
0.8434207002705676
0.22025362607388624
0.22158332403966494
0.29515676768324517
0.47549785904203423
0.6438656060313914
0.38596076198849794
0.04190384007897199
0.4089764014508323
0.051046195583792565
0.969896126710436
0.39868497520835955
0.4791945234575451
0.39687710221634187
0.9652580618331389
0.43151507683916396
0.5562861910340209
0.3306845498230277
0.3577630155288399
0.27023310032870734
0.469447230371885
0.87877403613762
0.953351093758137
0.21846554135923105
0.8905534863553768
0.6535740250124125
