(5 . 10)
(0.04390291397877297 0.12248276725962025 0.23431485910536048 0.29416702420292545 0.21884889723309436 0.07326680472586203)
0.5746791038041128
0.7169292264434693
0.628982333193609
0.6282153759777542
0.22428275613366006
0.32512289207092526
0.43619528057254353
0.8142819815246977
0.13349017169465213
0.05391387041054784
0.6185549575973841
0.44995749569292165
0.5930771663226305
0.6881430896776176
0.7092490067062419
0.9622373860667871
0.08625719997601063
0.025270473504499184
0.901593909955475
0.8661173053906299
0.14804392582577108
0.4845003175493484
0.6118256643553587
0.22941882063614083
0.388960041781815
0.40953577383967144
0.4756928926669345
0.7601462302520909
0.5253522894981495
0.19154845663394757
0.15821116415502556
0.41931075817361424
0.12307440107676096
0.7524395770177786
0.3394146381407615
0.09830981666418769
0.11979004273105621
0.45157180631694754
0.9928047069123432
0.2647160217307817
0.43027797748749597
0.9076984871181859
0.6942340560259027
0.6244047658695354
0.7558269128696988
0.752250878714999
0.4764884680299092
0.21850282034105312
0.7742645465878365
0.9875292362193767
0.7311413628229414
0.09092743459923808
0.2653552357093173
0.08901503251752044
0.5282239047509089
0.1824305606879193
0.9025503487164325
0.190315773148481
0.4263697207637369
0.7895578824048954
0.4020208184654662
0.41687318582777466
0.7691806242776965
0.20692577260559444
0.919844001142204
0.6447895854050838
0.8301109233086632
0.37743044237269374
0.22358033817836792
0.9236591807848564
0.530956680755827
0.9225846354145567
0.6144213571212354
0.6184975664707586
0.3652481653195849
0.5745580600360587
0.7869195513611815
0.7376052067666042
0.11577581313470592
0.28293760140683066
0.46286756807855667
0.8442481173210797
0.9864445373370462
0.8938519111650991
0.16042861746837211
0.5679004679255415
0.11138865774703233
0.639431155752782
0.30174685636613197
0.3004156280044584
0.15467005948800883
0.6391898107136322
0.8455631495167351
0.8559365966438345
0.323404456085555
0.21029197814425724
0.5879762743830367
0.846818916066162
0.028289714335524616
0.8688088640831979
0.6304039862295682
0.08290021592826698
0.26834534593295123
0.03701789530453324
0.28207325368915614
0.6617603357057437
0.06876590435935839
0.10199044766230815
0.15229996635541157
0.12227323498410009
0.15384759590968025
0.05978061711284527
0.8042364167704189
0.38255345531998175
0.16953888471799158
0.88541841510847
0.060218197183074675
0.4390011053328007
0.2678176350207227
0.022373158869710065
0.0427021879893856
0.2519018711511952
0.2422302054203774
0.9820528424500934
0.6245755962821944
0.10751663063733355
0.17929821142322105
0.4476719326609192
0.8807220075256605
0.684833583991366
0.8782480642375531
0.46007821515581315
0.8069027028595476
0.23410351916531383
0.15850329701059634
0.5698176279016927
0.8269570607242801
0.698842923706241
0.6668517612165694
0.25165154350537833
0.15042252775465273
0.28349910629163827
0.6705675398646967
0.328574510836857
0.6592718921901085
0.7123046650456661
0.993021579354184
0.08718489462846381
0.8471848045509401
0.8873617310475652
0.3604766954619328
0.31852971535506214
0.13485825482069447
0.7374094546263029
0.29144280860668614
0.3830124655893522
0.4167680017854424
0.8854753931935136
0.6271367269671614
0.19179820522992563
0.5431666492900493
0.7824992767441669
0.5435743839627766
0.8506621755514603
0.09826467638813255
0.11662576702846204
0.10569122386718509
0.3230347414946245
0.6391442653122376
0.4326089373749353
0.4322142803344341
0.6302580782430434
0.023279607026408956
0.9493648436544202
0.26193694036521104
0.7840739670413047
0.01703202713808549
0.004147255528399058
0.9367372472401121
0.3464324160148256
0.695332063508469
0.9084024405916473
0.7634486322750607
0.3186181630642568
0.32629114502774514
0.6899769021000703
0.3553261176934076
0.18156723486398926
0.19662866808910925
0.8394614983368647
0.07364057733613069
0.9597381673812725
0.4145194928208493
0.9356023363315701
0.6968967174073954
0.9333212271171658
0.5187005013901984
0.2476435169833367
0.8516082514856282
0.46199665500207443
0.6041392678536865
0.9003728556627302
0.916353935515885
0.4841265288876179
0.0848957276107537
0.7232200855924231
0.7877369729916777
0.02602207577149192
0.6646442274204455
0.8614975095706718
0.06482918967596989
0.7088951909565833
0.6358818463663162
0.5384779535241925
0.8772892473442861
0.7175706769932763
0.35779487118621667
0.6229413802669866
0.6472151921179053
0.4144411588096435
0.3140482742623522
0.8228196304166884
0.8558364256783335
0.4241461398132139
0.5351619306750786
0.6474727973515033
0.10079833072751128
0.9557103563071588
0.27109866342240063
0.28966940852143735
0.3070293613388453
0.9452811841896006
0.313850283920965
0.39854702444229767
0.03262733546702326
0.4731004767596953
0.9726872035113486
0.26128942364552066
0.30788143049910144
0.4012205112850914
0.5272672857790244
0.2251027097975285
0.8255433793442843
0.6809714056183707
0.20491217882878457
0.3801818634564587
0.856049221488237
0.8156309401735747
0.9812714960669334
0.0740111433887663
0.5946464756705023
0.4741728048836681
0.28920371112282667
0.7065405703523286
0.6049409317382877
0.8320841486736907
0.9992728128211446
0.5807702987921011
0.05930455083384798
0.41743591423767396
0.5214197515638798
0.5951158652976388
0.6667134353603225
0.046448966642232865
0.36397079068839655
0.38160761757157385
0.593415011286345
0.29147652807345564
0.7505380378830974
0.439046447240203
0.6470915266766767
0.10223622090768394
0.8080616982366968
0.9274253891558576
0.2573205480637667
0.11156570729931517
0.4054864233688396
0.11114730851693085
0.5133198780870379
0.22845947242331932
0.08263609260048421
0.22894806219758396
0.7829351236230009
0.11857015375573934
0.7271748730569085
0.5568613155808192
0.2824677421602631
0.09892231029827162
0.4233763236697473
0.6090238612790041
0.10325427527467006
0.2501258116742058
0.012864570989234088
0.032986550326739084
0.8942178483114841
0.03743987222842254
0.8010318443678841
0.8664968440382145
0.4697682039606819
0.03645930429537206
0.3722514615925737
0.9756136555056183
0.7846722219166864
0.8849354020940522
0.643725841281697
0.47506717471731186
0.1854701446317579
0.5075741500070838
0.14444903099103795
0.4988914795148717
0.028733599459889507
0.6641241314676171
0.9874128313692914
0.939770690973919
0.9298895218914889
0.6542150287601926
0.30664071202773324
0.5948296821966241
0.8272994542676692
0.11496489167043415
0.6347780700386126
0.7297583431447241
0.44870947774769077
0.6977745050417952
0.8997556104206405
0.9771052739205531
0.1623452733661553
0.551586617885627
0.3319570238345911
0.4304278212434116
0.7411142110712259
0.40482515147971726
0.68380585993445
0.4498199751979101
0.6066747666775136
0.6430633023281506
0.4676357401228124
0.6461352462405645
0.9711734214807097
0.44759004099730604
0.590708249450502
0.928988058639112
0.17047808236895157
0.945557488751588
0.37062930410981537
0.0060058427623508725
0.5103920717168485
0.5187240217101287
0.43806874405553076
0.13756976197811555
0.7051652857741294
0.3148081033677062
0.6928534345034312
0.8084949893334318
0.8308591651308133
0.12421725197629735
0.9958858017679879
0.5510224293946907
0.3881768066763822
0.3402420612448707
0.06634085760426205
0.844314760672271
0.8468299901906025
0.15411722661377472
0.20445107680881025
0.9835806578827969
0.34184627609886825
0.6660670085209277
0.270848085949291
0.39099946416166814
0.48483683421417645
0.942001009810765
0.24152380908768448
0.5620852827359315
0.39708511987554496
0.049391992453842994
0.8619994561411178
0.5544146477054448
0.1601021509387641
0.34118614461429375
0.9911613439120259
0.01976443969435139
0.9894293364606105
0.9236395065945149
0.7723858886529378
0.9119669028299665
0.3613828907645404
0.2534994456749141
0.8096068444192
0.475208068462852
0.45715600300776976
0.4550742380450111
0.8207963448310365
0.1578484929242373
0.18567743772196282
0.8752112784525254
0.37865162681777464
0.8066932812314953
0.7725111783208152
0.2786909653730041
0.7611480132487572
0.8604931058321535
0.9625621524669529
0.040183329572466335
0.19357534085020212
0.9929227678868771
0.7079763566747034
0.11853710623823994
0.334748966067048
0.7438065606895287
0.6123751579723398
0.6278252216492888
0.8619216082803195
0.26200202491516744
0.8876745637125125
0.4558654746087312
0.6187343359218775
0.5751582543907959
0.8399249191173314
0.9194863872260715
0.5859222165010454
0.1082554248899986
0.46012525998662557
0.07976378793615567
0.7630798937102357
0.7676140867787716
0.6626344511350538
0.3528274855083127
0.08164108031926322
0.06702056665445628
0.20958653595158822
0.9279781777922672
0.03432665675411574
0.05410148372247551
0.7117720777282008
0.3540169477079821
0.13573203730216804
0.1552315920796644
0.151948688227061
0.5466490166035937
0.7931790063113984
0.9564111910139974
0.21418056160899737
0.48485202804422517
0.018502904532617926
0.5538947461662133
0.5704737698329949
0.009489092504077415
0.36363920910213043
0.5442949920458157
0.606977495889021
0.02797428095216175
0.0834265093674683
0.916064511877815
0.7154969893915984
0.17208126787862363
0.8963396580514147
0.5498021918718834
0.28633497668376084
0.6292359183731189
0.6744433104256654
0.8651221084746995
0.0979368638645084
0.5271276889002322
0.7167368515118178
0.07860915999643163
0.017193413008057958
0.013827579998443053
0.24288447329773813
0.07395834158718005
0.2519557770357471
0.3328903087510691
0.0976011481371333
0.21750278241014548
0.8159379651106654
0.7779617155473766
0.8043160921190278
0.6946868387737457
0.8714475383192972
0.6203743112361657
0.30597207034989043
0.04370322429814159
0.13321108550483032
0.8302921989701636
0.9661295360314995
0.9446295542835602
0.17460248673272258
0.9293481531330422
0.11393355198627778
0.2212127188714793
0.18875842431135298
0.20265527259379085
0.7099417086383039
0.26570767147168417
0.28593078755624685
0.02176287037475897
0.03555872323834674
0.8830650489957842
0.21272329176926166
0.21013982517390598
0.10127949436803695
0.46945971335461845
0.5509364292013407
0.8806909688710519
0.8864285117893319
0.44674042866612074
0.6246076840717342
0.4416427053189098
0.16693641145778207
0.5026855819296561
0.7582500376077388
0.21013163791675604
0.9257474712923808
0.5266242300946824
0.4651412818928684
0.9776735581355404
0.5969940813199546
0.3685768930390463
0.9655455750956852
0.9681227778479313
0.3306920842230212
0.10274039496900565
0.13584143394953999
0.9892538240563115
0.2775631937508342
0.8916158691179242
0.9703706064813507
0.4755042365065034
0.04876989176127536
0.8832313683145039
0.6750580343445929
0.5861478815597388
0.8184199298804965
0.5779799181548467
0.5848345294700894
0.7572422887912011
0.9612600772972444
0.8051379386961207
0.3170085230231688
0.8904080247052176
0.9611620702598502
0.14493989086418818
0.9746732024317669
0.05533277441496428
0.9715861850627527
0.15788538401018826
0.8012537424594115
0.8625254909054615
0.306043724682437
0.8040203687819273
0.5178546478771062
0.58719160876606
0.06215182596994094
0.8972676965947453
0.9093204178238863
0.24446959464104748
0.6076163419951218
0.9712620019033776
0.7473890873270413
0.41975596461194586
0.24653382210038488
0.9032902791826936
0.7813752185381124
0.5364509521941184
0.07574111264062847
0.4511073734216238
0.06521623897482122
0.9790511270152952
0.10117784702335303
0.5897285474146572
0.6091210901963494
0.5294956446474172
0.4347299675978332
0.7221504110394246
0.7049394083738786
0.4292375141012955
0.921967005536225
0.4013256354899454
0.02505091815502173
0.49824687085006136
0.6359735385706873
0.3115917392566525
0.43341721714259623
0.6034783379927964
0.40383410896116284
0.8121365101366291
0.01864158033333922
0.19192511307085483
0.7282218815456498
0.24113098395877627
0.668206288010559
0.7174574989432376
0.6984536837037575
0.9299172471330472
0.45740953393773714
0.15200369167532024
0.7262078563336363
0.8052357338576188
0.9982686312030712
0.7013717549586029
0.7480703328267274
0.28532926513545387
0.05008323989280358
0.5439092894394725
0.2627156378340099
0.14824527009274258
0.24085218671179726
0.12201645140988332
0.5151927075721517
0.26243946808097174
0.92851147873569
0.8217018251107028
0.3511703319483039
0.2989275558332288
0.7254183718205945
0.003054648087212537
0.17724096865070088
0.41995559897058754
0.2959962069446247
0.765637267905416
0.9401335375261903
0.3347597242402897
0.6459069548520834
0.7306526943519155
0.922357852535889
0.9382510744398981
0.12482694163080396
0.13878195357198045
0.6392119545387306
0.4141244506784449
0.6655887100944416
0.8399231894183959
0.306376334681706
0.8350943808210156
0.4911261494630573
0.6733133718485901
0.9411421236017631
0.7433356634839015
0.3687409429573725
0.08310050081575852
0.35491073243819005
0.06417533018357789
0.1984531589034612
0.7452128143059709
0.6249970553907072
0.8888257487853422
0.2690243217994131
0.5682126314351865
0.18240115045091124
0.7424872979608733
0.8815455360714047
0.9475019225106576
0.2140260186319733
0.7409328320329146
0.8864549979061447
0.8497436656026828
0.8391962220316787
0.853461905736494
0.7185323781926964
0.12290058298113786
0.7039023468763773
0.27149518636777037
0.9585624540646074
0.7908208641434881
0.48507871034005
0.9191922049950759
0.7225522432222187
0.18871431105131675
0.3143610661819349
0.8548123379705862
0.47374211892913115
0.44950388150680987
0.1878453053235597
0.6263019531664453
0.3960492297490686
0.5150158494066672
0.21030602272219323
0.013513271187143497
0.08270729454306823
0.4318161918357406
0.4435100728296897
0.5125037738123874
0.5569143152884621
0.8029384780701259
0.49648782244638245
0.7457895914847579
0.27236463470660244
0.31735868542702095
0.8069740768639856
0.2000906738962187
0.012460818419198095
0.027060212946618978
0.6120101423696871
0.6167278937714645
0.49695945376706463
0.4023812729155889
0.4137471674614146
0.3522848829802256
0.21845483790119327
0.5320474057611685
0.14747875944608405
0.4214356089147289
0.07527161940385049
0.08872547733013036
0.9585219976428374
0.13973062533512015
0.3375630360592882
0.35683652577502595
0.2277549182467682
0.7980977999987878
0.15578128546534745
0.8494419473418793
0.41869279930556713
0.5429248865527047
0.3394484032423394
0.40777532146714324
0.1507028002166614
0.9317464611500651
0.7812933643602348
0.7720330011991003
0.6094416195442567
0.5703372877627043
0.9229546177607404
0.7802469880067217
0.6436499685233444
0.5724170550384436
0.2283718743131845
0.8074370501439335
0.5502451773385977
0.7771338519276683
0.1510379601772632
0.7462024547183213
0.9074210968668546
0.007183127685936764
0.5917308561224534
0.7485610581237591
0.9724920194778452
0.6567479559694359
0.11285615118082601
0.40087095377528076
0.7211880355624276
0.7659091451924999
0.2011612250566331
0.18656786410280407
0.13565628305461885
0.38007440070050663
0.8482370002738424
0.9225658492403331
0.7634388294059962
0.05270759783759256
0.13856863063347416
0.6680713610162128
0.9666586001554944
0.35044047303768305
0.7224248529561724
0.6710602384015288
0.8380260556725366
0.46415189619725444
0.5004246700760749
0.9575833806715308
0.034239322673943626
0.36888672777648074
0.8504787671611607
0.7616337836766214
0.7172767760217119
0.8609292367643867
0.8779919551737436
0.16263175775003752
0.17502249041681134
0.7754108294112265
0.9018286237447416
0.3243479708825187
0.6210391775649389
0.9257444433297134
0.24467475849491307
0.41150540988732254
0.9716810169885056
0.5467904388747205
0.3448360240380031
0.6881682682174723
0.6009353927789634
0.2554292457944907
0.7414666018972763
0.3876061152252537
0.8775297704912239
0.8415700395234321
0.4150250408158658
0.5052322212346602
0.39485261475884914
0.35286051067406926
0.7619047771385391
0.9370841926228051
0.3791889240665586
0.7754379916682612
0.5513156514320652
0.42203683936588066
0.9181393333647824
0.8658981197762324
0.8815586095126791
0.6017543743748475
0.646298020014071
0.39598677222739176
0.28216658944512035
0.887985502300082
0.32342760015114697
0.7132317694724091
0.8030923837896474
0.48946241797138546
0.020483831935710517
0.9432403825209476
0.273592663208785
0.6737809235105366
0.041578640613788104
0.6862924571029915
0.719038474038244
0.988902967584277
0.7798250446104467
0.8249669728318999
0.8126134637332523
0.9710780002605692
0.6479544706583326
0.5587327881288762
0.26733454493935815
0.7920296554784684
0.3335747773255114
0.6700837873801189
0.6522063553936133
0.9709326524646003
0.745387377925351
0.8654527545473942
0.3742470065698441
0.8088590445096329
0.6928175948807178
0.6545570772485511
0.41698642674209013
0.23724586361719754
0.9349857872531386
0.5886180541553897
0.012665159915190485
0.07683672895236864
0.2571834583054668
0.9252673111519779
0.4601044989427868
0.7157550914858141
0.1717133661071724
0.12725326383222801
0.11653089226186872
0.04072927159063716
0.9553288234650147
0.4847699361462488
0.36598649321244814
0.8780556306325764
0.8731352287838533
0.960850103259278
0.8665007593185078
0.4405588071412016
0.5939342744039207
0.6246369432016472
0.5058472015001387
0.794290356387476
0.7395393990036555
0.016943425993489244
0.8157903840030544
0.12338607214957081
0.703562733331008
0.14152793200635583
0.9965512515703824
0.9505058833642919
0.05598255983655631
0.9358797207621351
0.5148306263342431
0.9522643683177859
0.5424568052010181
0.81344068008374
0.9016444514370631
0.950217264621796
0.03628440819381665
0.4595838090389577
0.09484430605722957
0.7758830497934657
0.9543996962055418
0.19762675513195926
0.2744808700149928
0.9416213533508689
0.6093150108907192
0.4435490759225115
0.09487569675178849
0.2822302453461781
0.4040391238034093
0.9782852831956323
0.6450460604786828
0.36225003757234847
0.6683627017818955
0.7220322944183641
0.3626372244741169
0.9242798975320111
0.9035103227780544
0.8874553266425403
0.25214674753288824
0.7288862221428041
0.8763235049031883
0.514720499762768
0.6117382990758788
0.9624731787933087
0.4051256068670485
0.9574882842501541
0.13420259764281575
0.8267709356658988
0.016387612188380057
0.9318032904563204
0.36051680636301076
0.9561070569023183
0.9125605960871569
0.702981156115439
0.5601744173365364
0.6892271110227424
0.08409283647577045
0.5597149060155965
0.17709447998452277
0.728489091509425
0.5906081758082148
0.9940426260607472
0.151125961782923
0.39710537753950775
0.10565725853124397
0.5256868017238693
0.7421007061742589
0.6534088023260775
0.028533434247354588
0.5556703309014973
0.7975428788664097
0.44377408253611283
0.7086891295405429
0.4311906319781327
0.4222867870320687
0.17786391009476346
0.12615216552271752
0.6621066245059898
0.13827171473775915
0.9741245747119914
0.017933320191253585
0.6921200996639628
0.510478313122757
0.1686926682219084
0.46734211901369527
0.9405545193318604
0.7817665069846981
0.6314391881086284
0.8775453335906914
0.25495809480344966
0.6797714376338896
0.9618282099394752
0.7469365851401375
0.944692751973889
0.41465589479739456
0.17908041697198684
0.7114138775444792
0.7927706741952106
0.1113054987861644
0.9640887047933533
0.19810164934143962
0.10899442636194656
0.15815170828615208
0.18843862302490363
0.6112249128368642
0.09078081717770779
0.630648996954549
0.9150580755276791
0.432273337830057
0.11475225837632776
0.02007100269542275
0.8000367142743517
0.7302295053116366
0.4449507271753977
0.9690194815760601
0.07943225524432704
0.731505761191528
0.0621415795584788
0.20039668392448462
0.5748549987491779
0.04828693276356953
0.6778199276855553
0.763107071101263
0.030532902421160534
0.7576544402614525
0.29714221432934995
0.01548510562183847
0.06877888909215316
0.07478140842973557
0.4724482063365232
0.7261195778923278
0.6156328430053851
0.5830243535500639
0.6244465892400805
0.6985498427642434
0.6381956762039803
0.766750807986634
0.8053859259281942
0.1107394869983693
0.2753804536254924
