(115 . 120)
(0.0365409586306835 0.03685596689474112 0.03685596689474112 0.03654362819224331 0.035929449567163596 0.0350312133279845)
0.39817142319391857
0.18430932945020975
0.5750489003514339
0.842494097593886
0.06691266338290507
0.5474315541483843
0.30764673207665805
0.38328010163322584
0.34353220869197965
0.6996254756865322
0.44879752498815895
0.11308347422661322
0.7716233554523574
0.9943600711009687
0.7286473222911924
0.12451845777682943
0.7151526025849724
0.4302732039934086
0.19360667613106516
0.9306034479675622
0.8556661363641165
0.15100804493056458
0.05485619264889697
0.8612449299867604
0.2757981944284459
0.323940277653648
0.9741186712907357
0.8369732781058276
0.9552915822017587
0.7769603823795356
0.814445888252171
0.8007027757228766
0.2581756333123268
0.4297617441952329
0.40262615418672565
0.5881115471309055
0.1173443976807489
0.6764816329135047
0.5730872881138129
0.4245877208454176
0.15903446359540532
0.29358164129429065
0.8613803431315142
0.592298113787083
0.19287761117297764
0.5350923119809481
0.6259850766986833
0.06180391154606213
0.7542868719649664
0.5129137736945565
0.35264262122792783
0.7017272866701884
0.18588504117543078
0.581997150335323
0.15172647092470573
0.014703810461422565
0.2949020244040576
0.7033312863886607
0.4314267357664093
0.9306646947698335
0.8108211068089098
0.9790348116399816
0.9928093921636124
0.5991360548930941
0.5802926245846008
0.09673284648927677
0.6665770168528007
0.35628118531463826
0.8901430527096976
0.11522267501948319
0.3695269995046817
0.5912150780141205
0.49082776696704694
0.622581157250535
0.7278748490842918
0.32548741104579104
0.4831638914761342
0.4726952168439993
0.8103086602744185
0.624388509167547
0.7496261452143635
0.8013990928165176
0.9234696165848711
0.6917123093447091
0.21256076665889462
0.5599411720102103
0.47242957778865297
0.11185083008952734
0.22795114629292826
0.9564657842146427
0.20569444070207973
0.9706103596573126
0.42772717447188974
0.3992639025782449
0.8222258510121557
0.8923814670684155
0.11965968666812751
0.9213215365621448
0.355278969718615
0.5381506669650178
0.38957106043369993
0.05795376935377346
0.0008166162692606878
0.4873338046868871
0.29942979344199344
0.39125846940599424
0.07451831374778628
0.6646958862563466
0.008666541614253228
0.8783995878666441
0.5987601996264704
0.4704885393990242
0.6531483381648675
0.8521834640424142
0.8873782750625819
0.655428736081621
0.6778529654241673
0.8399196222199318
0.7521532802954043
0.34781705270194146
0.9054222876038021
0.999931171765943
0.6371769110050047
0.08259139144304428
0.9694584835430992
0.9030865076561444
0.019532008576825678
0.6155731477865984
0.6797646038213367
0.08141855265364493
0.9446360386173
0.025942101468322126
0.6045536652084353
0.6517591526652463
0.9860407063030795
0.45113375197067407
0.6896117896398651
0.6828369691572361
0.47841627768021683
0.5744273831324875
0.5742981157857012
0.5296858104818148
0.25564120783781896
0.3008259193906075
0.6786224721356934
0.678097033650657
0.5963186477390767
0.0409076592206939
0.2548053264616774
0.5148869825286075
0.8400762725472136
0.31610019033514886
0.9859916712358286
0.5376145946383094
0.7767295559308837
0.6414389376107834
0.3750913580923813
0.03849128447617106
0.7788012744837127
0.22641240248777433
0.5607058803147691
0.7791441227453709
0.3784197358673683
0.08793583472507392
0.17404147195644357
0.41973414791391767
0.20402529473352743
0.6625349863449291
0.16237595904949112
0.20313012489375334
0.24524866976116863
0.5959039209289513
0.1450196640016721
0.17582092657004317
0.8498508326637031
0.4358193042339793
0.5993131740617427
0.5964518981198769
0.5343454003203296
0.34315071775935346
0.36354382327224954
0.3195572892362057
0.8579540519170563
0.005207640603927255
0.9574336810377906
0.4116459115460398
0.23024687657397017
0.9209100346894208
0.9718137183546214
0.658658325439536
0.4601258259979477
0.03275446100461481
0.4373530414815603
0.7031893497946171
0.6218702735726296
0.5794151822380624
0.5181482464016498
0.25011729077072736
0.1808079035505755
0.5720368365253466
0.9528901058251835
0.15562988197687444
0.8765049274808321
0.12593621346045575
0.8565794257839492
0.21696023110480236
0.28774152250267493
0.9754757312822511
0.5463684577598794
0.8948743725507217
0.5055340195892091
0.5105808694383178
0.39377298762667495
0.34301669694191617
0.0588850612398453
0.57390327387766
0.36627469169561194
0.21355370558313347
0.779210886935672
0.22027132236781416
0.46705190491555176
0.25246103771773537
0.8570267600616363
0.12498622946374485
0.12181140350568387
0.7131597610044365
0.6841787130826089
0.04436243260916928
0.6380942903281219
0.8860430641325557
0.49603270603688504
0.037307579480106136
0.11824784767710426
0.34052720312719664
0.036173216887756515
0.6367153931494807
0.3985580452485181
0.09306135316303966
0.1741819484694501
0.37381942448076805
0.07343587285714727
0.7616948882193624
0.7987377166602401
0.328117971832058
0.14247599724563945
0.16806600637681068
0.40108964881548825
0.6030126350062499
0.17037418494881842
0.8099418930867487
0.25120362086462633
0.8676453699521341
0.2450743326860157
0.7141889868190767
0.44539006628122507
0.21130701968256854
0.549617647035157
0.2979746437582015
0.2770560124487734
0.6660603688891411
0.9347003794782048
0.6834103546918728
0.653573569828482
0.732165113624731
0.27685818974545773
0.7429636417740113
0.9252797564161451
0.2259794755381837
0.3359400198970745
0.9733499396724599
0.25062711446789093
0.16973606271322378
0.40451217352844127
0.19364193670393967
0.6388813783152325
0.9176997581686709
0.30903333106053366
0.31089546942763446
0.8204750534283956
0.4465125703426578
0.052590006016828415
0.8003455636724545
0.8625904457687431
0.9988683796871042
0.595494547361244
0.5353811900967936
0.40293138260248296
0.3698543167975028
0.1888183148750592
0.2241291407539652
0.9873924333084436
0.6858968098337149
0.7645496260436071
0.1406754369988318
0.568134106968505
0.2731239096749978
0.7036209591555316
0.3515937894423279
0.8154919807851158
0.8622775448844139
0.8028368554054913
0.5626480118443227
0.5553392692260836
0.22647338479442153
0.25902423818526826
0.4163481554948763
0.38393711039305645
0.7897464610327185
0.2152285128290604
0.6062516647158998
0.6326604798886413
0.7316506456544937
0.827966681033622
0.6077878124592512
0.8808054412267012
0.9015626834065278
0.06768989588122311
0.9503156406957781
0.747475517558611
0.8481360912351653
0.04817725928054888
0.5404498326623732
0.08560561454062533
0.5556509172486586
0.27764154988095224
0.6208243023444561
0.061968167286687255
0.6642198309203902
0.8686240333304274
0.6485609791476009
0.7599658838177342
0.12840601445838135
0.640513157990467
0.9658773923065741
0.7042302208672944
0.5199287615588826
0.3000773271583217
0.08415244787552142
0.09192905996955104
0.8421833266443881
0.27730817084203
0.5203591955906509
0.7232831230952613
0.29692900990164706
0.22008942178883587
0.29814294749259324
0.6620846553038826
0.36295806395245656
0.5349910415890945
0.14540592144346604
0.5913493023255503
0.5347033031793049
0.7191200313570366
0.8632833167358605
0.8991195154415582
0.14988010520466183
0.7174462797652992
0.03156043043466507
0.34871996579080655
0.3893656998379309
0.37812066465828065
0.3827684998083506
0.1320425911026213
0.17055937472645893
0.14951366723953813
0.5239361063527666
0.9962681278641734
0.7253510653676982
0.8823875031752049
0.8032364989801292
0.5949117112303237
0.549665473478478
0.1937553783182797
0.5945058373401907
0.04145422149972946
0.3164159585289935
0.2742826272851756
0.9266418329769517
0.33783535875141496
0.5805187548389429
0.48013518491483265
0.17497989730812114
0.43114153264962113
0.18875362543872423
0.2910030734559147
0.8955485856333063
0.9451093819417878
0.22258668888780087
0.44962190383145495
0.5970270878592586
0.24816847700137723
0.04795439005235982
0.6880281553859489
0.8109498933603936
0.947198682701524
0.3170962212504852
0.49620278487219
0.4709448346301275
0.6847400112137949
0.1505875180759942
0.5888991298831578
0.22260920640610043
0.12911912097054934
0.9742613208122447
0.25720093178045794
0.008083827020934789
0.48414559632127274
0.995968673881489
0.8712912912547097
0.23574465956419924
0.2947090354979689
0.5088736626426043
0.5424976504499818
0.47514843890230996
0.7312598345107506
0.48238045799898344
0.9491942283772863
0.7902935651086881
0.9790522900044165
0.9443258967762317
0.4951369913733784
0.6792586313760364
0.4991548268180816
0.9942090934597635
0.20225078427888526
0.7189278757518619
0.7947585529903367
0.979615290826182
0.49879280332217535
0.040707226020075156
0.6696861689665177
0.4204325711936632
0.5567473682582967
0.4433652386581455
0.05691923732850733
0.8386089837715656
0.5115769585613179
0.05655473232348085
0.07240820165278995
0.5848749109203885
0.18251594085323525
0.16482046648921844
0.38590892457148446
0.7218250206531036
0.3794228122383228
0.5621280486049676
0.788508254804117
0.009233169937622583
0.23955516466579269
0.32590720262115314
0.714805797831995
0.29823053419402595
0.8656258878880612
0.6818552577928393
0.8239584424028538
0.7795963634634493
0.3194338156474367
0.45797802141388616
0.1383420631231622
0.0751979981179311
0.09210875936751765
0.1938192260717971
0.5882380279604136
0.972114879917329
0.8410413125382256
0.8337109187645538
0.8158302131790399
0.6903165196035608
0.6418050100317789
0.8309529611929823
0.9159087989267498
0.9402648980205643
0.48764812909784055
0.3117825500319643
0.6783595080717415
0.6737870271661556
0.11128275868175874
0.33590324755475753
0.9602029953902176
0.210261572090538
0.5949964986087922
0.788708919904068
0.9328804675115128
0.6968394941516721
0.8518817776794103
0.06815706919335537
0.907910240079586
0.529108274042262
0.4983232234723937
0.8745740519164603
0.04566768801279346
0.1870780403055792
0.7201412191589768
0.9626450723107381
0.25727237609975373
0.4422614227492307
0.16962732381245202
0.5410210440243541
0.6990134162816197
0.13346245949161045
0.23619346603011737
0.7844337255605998
0.3723102538940806
0.31978167675309555
0.7996352038635227
0.07116093016263877
0.6227669430746521
0.6535972405570155
0.4581298388752636
0.7155102511928726
0.5750764018427329
0.9618510755396038
0.10592814442539916
0.5012073696710013
0.48789876803824306
0.5167326530163158
0.8628646813975307
0.9596441277782384
0.716821908973846
0.7547672837953072
0.017697977060726667
0.7046462466396437
0.038908961716355765
0.47904181006380747
0.077100556352389
0.2735574741149216
0.9323334004556173
0.6403958432381823
0.2324081913896147
0.7136157610062692
0.5660033951813137
0.42759600745978993
0.5020785977673597
0.13381603635701714
0.918675539103456
0.46305227170578966
0.9370252366413477
0.38480517990875
0.09398782824852232
0.7823074389528362
0.5025974140829086
0.9794795063165337
0.537039912702586
0.19597294478732455
0.9010186308091217
0.4807243731316807
0.9127226390052375
0.08245795386639759
0.060835033807365005
0.12325334587057493
0.2942651354724421
0.11309637444188025
0.10758442254214547
0.06823172773984247
0.09546418787365572
0.8040560384382625
0.0007794448552011816
0.15444577604642173
0.10876548118498645
0.36563092913740164
0.17214244832415818
0.21510162477873687
0.8167210870603999
0.217282770945415
0.706255578180114
0.5633188477182576
0.36213970797254225
0.4669733045460767
0.6413661428736891
0.08686237807091667
0.09370070148486317
0.6460233513202652
0.9645444891939997
0.7142222597166501
0.8853198327465275
0.023458076845686883
0.6803075767829959
0.6901007151559342
0.7144502547117074
0.2258369717686647
0.8290906041978966
0.1284460208184953
0.514278831186238
0.46235436763840465
0.6691926832292412
0.668571094996945
0.7663712616556377
0.8861973479690609
0.030523067188635
0.16158466637358318
0.49955829510188793
0.34483580680700204
0.33389186916162933
0.09505945159410266
0.35247997993506397
0.5618769575074333
0.5396892997099493
0.8298179201321042
0.025608335464851417
0.789060629001961
0.7398646145341545
0.912965859960974
0.07432776933074371
0.0729698469344825
0.452569474031788
0.5153544899527296
0.3175454964045117
0.648674525302905
0.40235055300614686
0.26199388841510024
0.3150923437297362
0.3976972635651545
0.8234104489137823
0.510444969211834
0.6766284258893488
0.42201370880446665
0.9994515056921899
0.7619019708306553
0.15770640638725195
0.7229886710135368
0.6688784146976449
0.13820665021123907
0.2947352175379464
0.22463381866082419
0.004321220307334751
0.8390165896889407
0.9597249940556473
0.44352469319783533
0.7650095657729521
0.7875614903897025
0.3023550098039774
0.1837931243304559
0.07516160133146055
0.9257598492684889
0.8765253548783423
0.7998586754246161
0.7384285960796169
0.09065125250617521
0.48403429162668365
0.7402511362387418
0.34949525275617205
0.799488799249211
0.15496521541680322
0.4064766647171104
0.05659460061501641
0.08817029240062015
0.7620610053438436
0.5644650341497565
0.0015819653237817781
0.312152341457011
0.6042134400169356
0.2923437442647989
0.8831444533295106
0.8157293849326
0.9978492051718373
0.704821059853486
0.7407860967990729
0.17610914554230458
0.6348001486711277
0.6274746184970068
0.9763426196480322
0.5011570454204142
0.604198824305403
0.03504366620655232
0.4449179371686026
0.9798588843109665
0.03161150346863846
0.5674104900149122
0.9864524102728119
0.3509594844653208
0.16530328974665243
0.2988533710971245
0.23926851380799222
0.7727741621753728
0.2600416520351227
0.006803328035187962
0.6450202062642675
0.25105862324596234
0.6118729836935133
0.5703376852046322
0.18017354455685647
0.3796949027982866
0.9013596920955033
0.8850127801025889
0.7945317053847469
0.5116976048874441
0.3252073749068971
0.4548457573652076
0.8311546905618571
0.2380455512351996
0.1114109550075323
0.872636840331476
0.5973461978714935
0.13900833248946193
0.4237540550857884
0.7721538885049544
0.26357399877705423
0.3824240838978928
0.6068770627562025
0.6176841693181329
0.4034798303441622
0.17131380402326382
0.2831954632198104
0.6795425848906995
0.7089945539997117
0.4941162694655788
0.6365894732090204
0.7681467849236288
0.805441390613981
0.3148642288268916
0.44056886752097046
0.9860850046634864
0.6817454380921674
0.9457550565053364
0.679764539560076
0.478929779636067
0.9333616674736206
0.4818361225123316
0.8705623182647309
0.402499335752768
0.27615315244529764
0.45837987245596334
0.08051380090109786
0.35957909347313727
0.023785185289410538
0.19601459702733817
0.9227571806249893
0.8069879649797215
0.6462132766405962
0.009966861706484864
0.6923283808874673
0.877686157487035
0.06076252778028273
0.34889927636157947
0.24751757329414956
0.13988089959491676
0.20829500684639474
0.0754851670239388
0.17081115430423993
0.9209591731334823
0.9048050640149633
0.13939848239414496
0.7360883706962646
0.40441275274331046
0.8812440667065713
0.36650494514802207
0.13217959774037738
0.7903050180486041
0.7772900449755438
0.12175195112927023
0.9022498835502137
0.015554555048082829
0.7810422124938994
0.39411759096581
0.634517965367934
0.8773032646810355
0.516116037348317
0.11384613641537643
0.7275415454825018
0.7066476810683305
0.13282372933517578
0.5625375963300048
0.18986905214673908
0.17622757508776515
0.8959535673163697
0.28612727101763535
0.39991742819147774
0.6953556578685476
0.6141390026875103
0.6907131945873483
0.257025464545306
0.6948651411877828
0.9124970661474835
0.9653965492738603
0.6847852530040156
0.1153471558336654
0.3525132672681379
0.7158701112263332
0.13902796407179363
0.10688801697285556
0.9956469682731129
0.18251669452606525
0.5351430045696314
0.5480595629188207
0.5428500014619903
0.7066313615020652
0.6094147099084826
0.116827115020724
0.4906694330412993
0.6707586828893531
0.6916483458743562
0.9599679796195916
0.44884750790900596
0.21257377281210962
0.5269284582699462
0.3187764718442937
0.4501365243057714
0.055997355293354464
0.42582458108000293
0.3171665787162838
0.18573920303810254
0.6721016466145271
0.08487419380197124
0.749424748327664
0.07469515095851184
0.8905774341523895
0.09564787240111211
0.5701952410397609
0.5991219607222286
0.5167848552789656
0.08521285087901005
0.9369412332036944
0.7712486431514188
0.4613620210353519
0.27559136234293774
0.6127910559206595
0.37487761419605087
0.6388970454900027
0.4442941605609808
0.06823561251931996
0.9686149893030334
0.21388704457518304
0.9573315494053445
0.8843374610743933
0.5135610079906624
0.8146303832631372
0.43235217242717094
0.124212200482408
0.9510569735010739
0.8552593732937123
0.8891921243518504
0.06450375155936469
0.1196777943738227
0.9006391587511043
0.34941004372138745
0.6036246415586037
0.46583105062433955
0.6482315086368831
0.3208299779176329
0.9416221638343787
0.8595146797082978
0.34873525438293185
0.07615777380783506
0.3500067356045826
0.30595047297833916
0.9621895200422548
0.8214774327043691
0.8981003982026323
0.3473180656419503
0.47791164214853704
0.37681785560634784
0.8588590125187009
0.6727231524247713
0.5168199954783915
0.43752202787543226
0.11611478220482234
0.2847084813330705
0.5903704408083698
0.4430750194377276
0.4485569953219628
0.6032871700552599
0.4605990966792713
0.8855032700078284
0.6917310422007127
0.6312356133239828
0.8102183850774133
0.153160461424239
0.9586152742598153
0.7526875381728187
0.3710220395989214
0.7302340550554646
0.17221100391351823
0.7172978739715083
0.08623587641330956
0.6485634026818881
0.6806715150782082
0.11099417952047413
0.48397796011236865
0.6614805070189633
0.8460555642329989
0.0508661157405358
0.5682672518770184
0.057550204212414684
0.052246154255047465
0.9884260135219924
0.00929769033890208
0.8111826632465222
0.6236182615888768
0.7577637679909505
0.3548589704583087
0.7071783498611993
0.06553830733335762
0.9025438771883787
0.012362714524251554
0.8864100979113254
0.9202301386762106
0.779676708898683
0.02490465626590152
0.4783699555557573
0.8920780014135467
0.795864052032056
0.1334760914936259
0.7516127045581683
0.0674916911028027
0.43850771924704446
0.03959045238672153
0.9441228605288908
0.08490275700105668
0.5927622479606764
0.901795508240691
0.8004206925368645
0.4456458202782857
0.11117307239305207
0.2052056844538968
0.1335020586309089
0.3084366766630739
0.8406708284419805
0.7397419693568559
0.21419912589560688
0.2841421503344475
0.38087632395845733
0.9538316189770067
0.20240693751271885
0.6709309193663372
0.2708350844526891
0.4753876507469992
0.3469753635979434
0.3724560193882445
0.39640749233140576
0.2836206709018675
0.45730002203919107
0.6431366656377042
0.0066367195407947685
0.3859182291829474
0.9325923062812537
0.9770711570118557
0.6473738880953214
0.6356428177593524
0.6798591214257054
0.3796579975096657
0.24751971370636033
0.12926949348488234
0.5561559295003381
0.23704146298221881
0.543357885912629
0.8271083785310721
0.4962277156802279
0.7132657494766815
0.014461124783361787
0.11961106743642642
0.7502588948825958
0.21679682775720494
0.007693556975633804
0.1672554828201282
0.21639798535285076
0.6094474035233866
0.9534673209584326
0.7509512294078842
0.10826228151995564
0.49112886426849384
0.23812531575794932
0.7722639689759598
0.8319089394149044
0.9297139086715163
0.23610561553155263
0.6016088731434769
0.22367318592127944
0.793520828022699
0.7404344563862233
0.49610873362762314
0.19719987595863042
0.23047964320046965
0.6345877849949196
0.008474112200228343
0.9963760397504589
0.029189671872056035
0.2507350654697264
0.722420836627375
0.5605130897803984
0.7204531796402908
0.4818965944541832
0.4058825686628871
0.03573513413614312
0.6159450577377743
0.6339589510726421
0.07649568023884239
0.8126314808678228
0.5652327732109504
0.9126649982841499
0.311492576680718
0.2878094932214298
0.1428405131937067
0.7251312748592592
0.0018207690163329143
0.023818405800086543
0.3278140777687841
0.31088970360929574
0.7473055807500055
0.4206857237738163
0.06514587545542562
