(95 . 100)
(0.04089472616994179 0.04046873943900489 0.03963433244026252 0.03842103654923408 0.03686867143613371 0.03502523786432702)
0.5542703013141227
0.45809277153650685
0.42215099926279115
0.2698314527806226
0.5852410280448697
0.8599519151891579
0.9872935107809143
0.8525834547675585
0.7287128482880706
0.5031440261877044
0.1804889811998485
0.8801448643370839
0.33251626327712624
0.06286325260893362
0.3616624565855114
0.663379610046502
0.6757758046876098
0.7747414906384028
0.8590313493456974
0.34520245548386846
0.9026641053506486
0.6857457104220772
0.6985120166303822
0.6091799474576091
0.19823787227121123
0.6945093575534287
0.39177034527255034
0.25747011894215477
0.07081295334014444
0.10893292437727757
0.8062410698500795
0.4935250146438375
0.47260010854825907
0.206042829169172
0.3197612696118523
0.6306974483153479
0.8739302174135776
0.8749998435378
0.019026556275208415
0.21099258793668318
0.9350108375033025
0.435925259877102
0.5978760745744742
0.019186332121202045
0.9935999977562576
0.3719623161871363
0.05163635423881041
0.9980116303978533
0.6578088216074358
0.4261760226554733
0.5747328348328429
0.34976193233171526
0.20471260873140365
0.14073931897845549
0.8110440531040457
0.7016359616397602
0.022098548849229276
0.24142926424212918
0.6614248185829172
0.5246561558750645
0.41442372375171044
0.83676728164954
0.83608038581552
0.7159590858313
0.4954300334326567
0.5767844971202257
0.7225292020677762
0.509854555607249
0.9844438724136739
0.7332876274650513
0.799591378382176
0.6205693811826481
0.7561333315157642
0.8427137770421025
0.06584697605487216
0.7290612614352122
0.6935366984120648
0.14221189324280104
0.9264645629340386
0.3247517849198476
0.6787143343064426
0.16933622099969864
0.5884226717501683
0.3489213305468757
0.926611553350278
0.5197849371738889
0.08773150952722739
0.9120991965096056
0.23753400063306843
0.2115988056204635
0.22694960171485257
0.45120480001219515
0.13405333642919876
0.6004915046277999
0.4677853736326466
0.6960886041136528
0.1293538259122511
0.611726101776359
0.6667274997288641
0.8696483005506096
0.32191709148668574
0.756194842347998
0.28503287776532554
0.38233159168739134
0.2599342423645599
0.12213386115707531
0.446707182311242
0.8397588277398228
0.12589201894252094
0.08728349631535058
0.756875687844619
0.508610176572324
0.356925772093367
0.8127858154614107
0.8153222695894149
0.9243055189157716
0.7898050088620377
0.22578026120604353
0.43779460877675536
0.8540656097805237
0.708051469008137
0.36998920979857347
0.5689770519610557
0.31984487607323897
0.5557128378628452
0.8936673619045903
0.17175059386625038
0.24051703420177642
0.5553637539305867
0.9287407983043432
0.11722969621973504
0.7280056298303351
0.8071755112364205
0.007741400415592662
0.680566098903713
0.15517829690992035
0.2426703580365131
0.628223495248353
0.4699307567778969
0.9144619221817889
0.07623229870952623
0.672296600145682
0.9890175188695184
0.6380731658356308
0.5163841467369121
0.5486592012739541
0.3011860867605326
0.7139496741587139
0.8007181353283517
0.403891514523289
0.9196258760714398
0.8753606258134847
0.19896567761545558
0.5492527171141853
0.0141644861889568
0.019102838349852335
0.14438595879643212
0.19899304895441847
0.8452667549288565
0.8175250243035158
0.5576043326830727
0.5535678912750729
0.6609172032845156
0.633038370095189
0.8517688992824246
0.0344237909093845
0.10113435332568957
0.7593722846241285
0.11721068606242135
0.9778983812785855
0.26743014846590135
0.6406076513804476
0.3457330511679116
0.1896951832940332
0.8389465248912753
0.7316485345789454
0.5794716599700287
0.05200436078405638
0.661697510311632
0.3728928893249764
0.3057265872115107
0.06486434850184818
0.515921772064578
0.07385486605619364
0.40414123983620154
0.577576253129137
0.3237216540924516
0.34335022545811883
0.7553861295153189
0.06458486067914661
0.702176878241075
0.5578840277250572
0.5635028032605963
0.6728659346597536
0.6480592158148804
0.3528365985001467
0.1126818713820142
0.7436392911889061
0.2719321841285318
0.12942040383802822
0.45090767899267314
0.3010402795896815
0.23518967580037486
0.8209490789467023
0.31431014565204046
0.3978493357432685
0.003521445843498394
0.1485675831562973
0.6564483448260594
0.8226042692786288
0.6593156529445332
0.9006275174511885
0.46043752873572663
0.5769837277505118
0.5005923314306897
0.5269753939031815
0.3344138477831335
0.33571232991017513
0.4207500609373704
0.5035599858361476
0.2878005955979517
0.7087690223529834
0.1143311378035873
0.12723215982883454
0.4667953672105066
0.01789268448987938
0.6702933189042403
0.011460170471974524
0.25229344644514773
0.8578162932362848
0.43416125148198115
0.8402084872972606
0.43225905180673185
0.5985721495242341
0.0017809484550816192
0.8233728358199705
0.3033243869644293
0.09793898844423463
0.9201650646036337
0.7570958730010181
0.020665454049225537
0.5930877473117439
0.08936212924013913
0.0014510709563788863
0.6820708377917145
0.16485484672938663
0.28815135404828046
0.8686408925981508
0.6365558261525845
0.11415104096369272
0.47350345004552924
0.3220116998950098
0.42134270831925874
0.001378856433276585
0.5668504617421181
0.09112726011184746
0.8966106366121706
0.508570237034608
0.06377874181279408
0.4370973708378741
0.9982159646760954
0.1599699680865168
0.1532735642699761
0.6894609919767563
0.2652836633331613
0.9830417524726793
0.5317723796723073
0.989036350212889
0.6516447694837377
0.4850518658968593
0.2907077894702601
0.8587128658807549
0.15536090180162984
0.8977021045801319
0.6244387323696298
0.08469146271604679
0.5443365374165587
0.4158881086634302
0.398912835860129
0.3456462793737711
0.7425348866840956
0.5611496560087261
0.9538973056270368
0.20618182953582626
0.6683672124101735
0.7584871292964842
0.40013327408296084
0.6022029503384172
0.41014336801828366
0.3903973324230512
0.6807177002982427
0.9053152101825839
0.27029727823609345
0.2613103830610774
0.5764344939725415
0.21351586524660235
0.147620801046753
0.7685951124568897
0.7269796033417242
0.10579440510022368
0.7568766426831349
0.7915693471781967
0.2662843296740066
0.4679309810347958
0.7736442840932894
0.5943260850896653
0.6064237766284835
0.51346963173749
0.9122621493298857
0.5623819488043538
0.7243803431445527
0.03440094440136954
0.24056651630388468
0.023739922311600263
0.959597835223272
0.3873828506506125
0.18714092390735454
0.4900945240956874
0.6539705689125411
0.15323792418313406
0.9356175012906177
0.3351825174684552
0.03215530577309048
0.9280217830158144
0.6364513322203135
0.09299653380719923
0.5438972432470477
0.08615270697506217
0.20768745364597777
0.6608510698324588
0.26431952439678397
0.6753338609052457
0.11902757076493808
0.3530460741449109
0.30114551136229806
0.6887055726840067
0.825424013121099
0.3593633202248185
0.7540116156065875
0.717621697873183
0.40864547016058533
0.431480842816647
0.6920325604599837
0.6531552779153683
0.24655278010363188
0.832329136814098
0.39166189321914546
0.12119360692060327
0.8580157129250626
0.21401594311821187
0.8875972876838027
0.5658068854100612
0.27777598280864874
0.614801358636162
0.7197928788878301
0.7395842356685366
0.716525059202037
0.4097235838935025
0.749867404804663
0.7931183676627979
0.053510427505282905
0.5437252703343649
0.8438570868508598
0.23511490176988292
0.17998218313704575
0.6827740839256462
0.5616179392245905
0.42961841085009034
0.6925420442243911
0.11703565398776347
0.16314849046405547
0.20245638981250327
0.3660036241935459
0.08125413602703724
0.6744571822432555
0.10045995118461314
0.5116264786148229
0.5178243705787392
0.5519814784201206
0.9670964233009276
0.042853294385942924
0.6914935097635375
0.3426306355435337
0.12633143395114185
0.7707866915323847
0.2548294521413106
0.6452533295873303
0.5341864275072649
0.034533574986966235
0.2839124798899973
0.26295772630144076
0.21995201840764375
0.0845780446176029
0.8402118591508053
0.2704110949406186
0.4097654810713651
0.8968318161882968
0.6666751475232725
0.6582277451901164
0.9102474524014328
0.14358527931984005
0.10253235612221298
0.545293622748245
0.17220925558813038
0.11317800347251462
0.06849834677941542
0.8587058949309463
0.6423534738387733
0.013865026152675377
0.55328741112812
0.7621747705927939
0.026127041185839237
0.17385836205504354
0.13609499025804875
0.36137977991415987
0.6198870278747058
0.43598145239151603
0.13047214484266148
0.051450230577412985
0.3188287970415293
0.9266860335484834
0.3677932032153444
0.3048440516943957
0.052145488058743424
0.20770202302420998
0.4068763783737754
0.584277574794771
0.5796344889244004
0.13174736299632386
0.4299827859356114
0.427505562063576
0.9644933786742909
0.3758871194870493
0.9155082845654626
0.6398944505718643
0.38582350831741696
0.875460449162818
0.17177452676210125
0.3862373836658373
0.006405239303663787
0.4235968750687666
0.967748721198117
0.6915365205704227
0.842245049352518
0.1095952733410096
0.5407246946056226
0.18615793826078325
0.8037672187629114
0.5207747007536557
0.27698159534767547
0.4972179493450871
0.886495114627989
0.6517615401107819
0.03617056401527424
0.2694952066650156
0.5963272685269062
0.5419926987342726
0.42424975690523853
0.7341380062747527
0.2728962255088647
0.9495674740779295
0.26643993552297046
0.7011832412905327
0.42709928025413546
0.5814342351952384
0.25696143099292595
0.9425517872559773
0.29217723286078884
0.5511848411165288
0.3625861535356194
0.14239437566558602
0.38294602875895195
0.6929872501970614
0.754640239748445
0.16299923856366466
0.5917519414993944
0.401559277792538
0.22442702243123686
0.6744251854905018
0.43237643058744674
0.20161197333021336
0.7862073726791734
0.4842494862908249
0.7286317135569166
0.4944938548967992
0.1363036419151252
0.17947745074781352
0.9331944077518856
0.9910768242888106
0.6082850344300473
0.08513743516723313
0.5889035927811516
0.42582169444554313
0.4197801394188472
0.98395385375768
0.5667826789177017
0.3048517944778254
0.38385987161725144
0.4005021632892196
0.12151240424126855
0.4699952224639725
0.9867118539372612
0.48695220292686914
0.7394716767152094
0.42789402254902686
0.026185937329818255
0.5200930207919675
0.5219342656345869
0.6550089875799301
0.04422866650846848
0.48566535371783975
0.8764416254823698
0.217004058681625
0.30507753916460284
0.692391799301257
0.8443145485635443
0.9398143078389989
0.6454443291883033
0.08834366648818429
0.6594900500899951
0.2215514686151188
0.745890046503658
0.6063604047808248
0.4834306674435686
0.8112515380467102
0.9788391612466765
0.5514181672350921
0.16159642478731842
0.734251204813889
0.6707438154878825
0.7242849019009759
0.22974967718774755
0.44948449672497237
0.9460147229887226
0.19028742741322727
0.8964948597063616
0.5630377002786476
0.9709355146518414
0.9153863311280397
0.21198157828584507
0.4628788429030216
0.382490097674993
0.887722072109159
0.9355030226485406
0.32261449380400936
0.951489215230047
0.24545577798383356
0.504129226752296
0.19605255168372085
0.8773294998064023
0.4571176846699041
0.20533437577764277
0.27119121919567085
0.724486546053831
0.8389741050793357
0.760921762388136
0.39709600354450963
0.6265657631041666
0.4068519155553539
0.7925482620135972
0.43290582207134254
0.12212884342363092
0.9856975050701484
0.7871529228817226
0.5866289052690409
0.21967913738760647
0.7350089738336082
0.6747542741589456
0.05348018489868345
0.4837695573512623
0.831746534677986
0.05703145122680391
0.542330281297839
0.055388132231480335
0.8025871219435059
0.740696047447803
0.9939072052325818
0.06304018155493722
0.6365675976048365
0.5911302873760229
0.4829019255572
0.9707591377473206
0.0834923713389815
0.627302568750208
0.8349868512426656
0.5667609835244447
0.1695064334797995
0.5245353940649335
0.04002077000316236
0.3400888642618628
0.6822836485027799
0.734563538289912
0.3011503840422444
0.9057794982572402
0.03243270300934143
0.10794595802499897
0.5902631729316759
0.29724236573707596
0.13046113963609493
0.35634228310529026
0.3727874927082562
0.2834282461444557
0.5309724690025378
0.08509064458749585
0.6990016331878351
0.9905789063871868
0.8897776235998017
0.4010813856555448
0.8571439802846751
0.2376629171040577
0.28185392115861546
0.2416035016657618
0.4296127069647059
0.5199884828547027
0.3939863785517325
0.9526070761825592
0.07025101073370554
0.6659305720854456
0.4632082903635047
0.7354891351381644
0.08492853414852525
0.6768736668838474
0.0016900490390905647
0.754451037600128
0.8381558045131172
0.32422367516870715
0.36944841496769115
0.04712041881891134
0.04013373547881306
0.9197775889918531
0.08777425886528703
0.2074168140866555
0.3769204943439604
0.0006505523657693743
0.11802823458562438
0.6993736507067735
0.6979071891784425
0.23307090193935384
0.9816847395129563
0.97733345005786
0.6319724732195666
0.9700795690940113
0.0309102112495629
0.2816090934385293
0.25071223013758287
0.013863380039945025
0.8939766003627174
0.564624528736319
0.8879756763807827
0.14705326701213597
0.29955741118358953
0.2721236270390718
0.6937599350470274
0.9051208317431466
0.7094186811146992
0.8413989164426399
0.47150170455508744
0.18311903697642493
0.877759251411521
0.23745961845656874
0.3553672742369569
0.7095431430695984
0.5659691723346683
0.10066084329445275
0.4614509800406648
0.47454315533511726
0.8651492630483226
0.15227833056680226
0.9115807585438709
0.66622828053671
0.22097399829947198
0.6732964380750571
0.7286944483799035
0.2220363959631814
0.549838092030567
0.17636293328448435
0.2206412069251228
0.3091921134181227
0.8626784259539826
0.4371526690497425
0.39782842149685876
0.6309792863306803
0.2031558813192936
0.4215272370906699
0.7913630671341714
0.13545205308451017
0.578774536350999
0.46043529332860866
0.6804280263672187
0.05554689479846371
0.46605629658785414
0.9927491099787445
0.7795639864982361
0.4244216886068954
0.6680558633421594
0.7272324381080334
0.6979626268558732
0.42484345481904195
0.7130624838911456
0.19019816293409514
0.46805999226786166
0.7919737970760442
0.3104909906587857
0.25828470446244317
0.0953885407282078
0.6485647328434198
0.29876488264256523
0.5229827945075047
0.8303247298364398
0.8770878844508623
0.33483858025782387
0.46075741849782487
0.03163561704107755
0.6343891369069323
0.6043410065357875
0.09688856409695497
0.08283739682058305
0.8356550647449339
0.7755010021627435
0.537589416564116
0.06938420199600841
0.13506932582110628
0.6281288332889782
0.0828909099198201
0.4976009890672299
0.17682484508947652
0.5660919581416826
0.10874649594055284
0.2857791910511609
0.031594060494463096
0.9000902281186468
0.12312622289412059
0.19055982135153443
0.901908744032732
0.3741549187861903
0.6747442165731447
0.006451766551930328
0.6747639526964404
0.07042125115348498
0.643427443651694
0.1263317787733418
0.939285731495226
0.9200502399752034
0.6246816371413368
0.49879572627821733
0.8710855436943922
0.6502404278726338
0.7845429217407778
0.23226427154405244
0.7577366755831122
0.7754386875990888
0.1615113524241283
0.9066180089899679
0.3879223933182326
0.7381871667557701
0.3308057072124414
0.08997606805409822
0.8098057474567545
0.3986606560464521
0.6702235342018529
0.18101781319168053
0.4031542432159378
0.4685451182204729
0.482069063296161
0.329119754363063
0.1988091534823887
0.6951945546549902
0.3230526012356722
0.21636548382323717
0.7860790389833134
0.529134010444366
0.7608935579810898
0.684391301440399
0.4743779123925152
0.40046278347639813
0.2883626955979133
0.4993236104164531
0.4799786319107645
0.5885397662446535
0.5929315698635221
0.4598192457674079
0.24562568918106692
0.14860639649213536
0.1709256159496792
0.560048729528239
0.055786551116873195
0.025026868145351433
0.9468339937602801
0.4781970310641878
0.7144239199348204
0.07576429908139963
0.9887474921204799
0.6776373020719176
0.8213995722707155
0.22321603038090618
0.536578965049336
0.5636590000337623
0.02138223090383784
0.17638953535096333
0.346434689606171
0.7991757328222862
0.057830578887080875
0.7053076936174185
0.5164960248934043
0.6564049898954663
0.47885603448423913
0.9232858102869822
0.02448691336747212
0.36101909589301145
0.4198322143231287
0.31028278231127626
0.9515515381756053
0.8904090845503588
0.14121255869330193
0.5979926158633233
0.2199035947536928
0.8608922884020946
0.29070359246487437
0.12138360721240526
0.9091159594469052
0.4830412306991816
0.5043503709381626
0.6768811312018138
0.4498340570287509
0.9445467792604423
0.3505657221930265
0.9650338577868051
0.10299878949852387
0.2619234301336281
0.11133517072482862
0.13360305661089622
0.5988425061943107
0.03683540426701403
0.33171556936503355
0.5134873704065972
0.4706534752379924
0.4793927608322572
0.6725381756871801
0.9938057655728422
0.6128728109126782
0.4289829861904637
0.08557913447740953
0.28231912542189896
0.5285062554593434
0.3149908779929631
0.8860163461164107
0.08351455404679926
0.6438086160719843
0.5064463443916384
0.8371232592318296
0.31071338398111614
0.42271096839659883
0.029783648949814726
0.09827707112804773
0.4417203156924401
0.7745344257222397
0.5068465146292176
0.8432389887500811
0.806607656361161
0.6069789433972026
0.9517360548398224
0.00761177707073503
0.4206362707755399
0.41089808509377806
0.5308839609902035
0.09237776678394888
0.4914119584052096
0.33759825169584634
0.4964316904679387
0.7848013418816681
0.22445937844169112
0.9057884827265527
0.54500262959873
0.9358596605385676
0.1413298862512727
0.6631865573448139
0.36080686190347827
0.3030778069608342
0.584246537769977
0.2520710875817543
0.7207822219754342
0.8508864731957174
0.61232257177194
0.7970032297951803
0.058168849698063164
0.8654809317132538
0.10387861067586371
0.30490818792509455
0.794161733981604
0.2959169951618498
0.786938333577284
0.6103471431304249
0.7406057203295617
0.6865495380019546
0.3131763530291341
0.2455729718970084
0.7465112866541249
0.507831144525874
0.0701836709860255
0.7934725321927776
0.4053323814433849
0.616938350331778
0.7850501123560648
0.6004186169912742
0.23698997062023588
0.8506088922560797
0.5159788232584473
0.7710404823013629
0.6272872433708392
0.8023657102352166
0.11190818279909484
0.35187700022720175
0.24762156827032714
0.8841184354146558
0.31534973243082515
0.636733956271937
0.9011346701150788
0.7489141597817991
0.42803555448339214
0.8365010684337986
0.5561795380630866
0.06524271368293195
0.5666044703344186
0.23257429929809978
0.5897384203657489
0.08880315988116369
0.8397139496310851
0.03308757601357434
0.5976220241993156
0.4648690085608405
0.2622594697284442
0.12320124465642938
0.2893590855381195
0.3017204042425948
0.8785018296279901
0.06508449617251177
0.20317170914721572
0.6626035107349815
0.9362087114088732
0.3723757507871269
0.05740328480952495
0.2920358778777213
0.5794579606799539
0.6019706805725353
0.2725357547605962
0.6678817271998617
0.3735313056256882
0.984077517569094
0.45256742465636335
0.5569216557405201
0.0921030512911814
0.0286293995927356
0.14084426669767303
0.7878176793144265
0.33100217228020823
0.13102320773825685
0.0012787276101241221
0.9733500106858096
0.13123346965214278
0.19167758125554235
0.44816278717896435
0.547164147209875
0.4153139946016742
0.1759870863997643
0.03796771422430979
0.42036942961552215
0.5720861169961078
0.6320697852574558
0.19968551200222842
0.5763855909202721
0.6937215205501012
0.1757709799707783
0.6678568238658411
0.854626764720857
0.3996161073726021
0.8899764162756258
0.6410778198261249
0.5045965006472711
0.6006135258189435
0.6817272195590804
0.06675835137389068
0.06366721220379233
0.11130332298369408
0.6724185691827589
0.7569699125480238
0.4006511963287948
0.6547700392995421
0.16550331549362504
0.3502690037377069
0.8513719898381676
0.33243402632565183
0.9183301206241979
0.3159487309673187
0.322528949958743
0.358532880566744
0.07366210881660662
0.23908691660735726
0.6533935211845331
0.07993603838297911
0.5293678776613713
