(0 . 4)
(0.1968744043407226 0.3474254194248046 0.2758966566020507 0.1298337207539062 0.0400957078798828)
0.472315142220247
0.8941339650144486
0.026168584461106356
0.597583289560239
0.030115663601099057
0.28654216709564695
0.6438937850598963
0.3483935707402096
0.4516806099446414
0.39140591780013195
0.15332700589020207
0.2778020966292443
0.9404037039736218
0.6964550022647346
0.811001891430559
0.4786714838267464
0.11072793766656217
0.4469775345575361
0.06963147467080195
0.8899747713270487
0.0463159716766612
0.4381810066154342
0.16291565235854494
0.695353110468352
0.6248056776727506
0.4617784575209765
0.860539220271669
0.9065067564494456
0.174035624414545
0.8100263826748095
0.2467293323296358
0.18175613852340655
0.07958457655124179
0.6530140153660707
0.9598426948411578
0.3882020622831837
0.1731829773686033
0.9685718290188677
0.44955509307502295
0.8483252810434575
0.15419166373830898
0.7597005525645137
0.5738441686517529
0.3504815860418999
0.9303012565948678
0.4076645238777206
0.4036649584216791
0.6975913017753025
0.08095190600445412
0.54413589094306
0.14011538544297222
0.12520719320585397
0.7592932912365079
0.1556368503655458
0.5402462683551069
0.5830893070163615
0.4732638787103088
0.7239320731204635
0.8767543803818784
0.834667489307662
0.9686675182270921
0.6928841446339857
0.6016572770068221
0.1835660909260034
0.9821787444625932
0.2878568626181752
0.21540528624418648
0.6385025172048536
0.8910645906211425
0.24067660282848716
0.21408722585303314
0.5314111547855475
0.919462632212841
0.6678020600003257
0.12670310362108184
0.8596136776729593
0.8318469810821517
0.7073694540031363
0.8611762270155958
0.9238395039361476
0.7342879666788265
0.5699525150819968
0.02519320096824919
0.02017413945780625
0.4709249725454474
0.11658647592412007
0.4562123992694959
0.36434485013217877
0.7024961523989216
0.540272109996667
0.9162782555413147
0.3870980701214631
0.39522226439002694
0.2519594925473385
0.6243672207622747
0.26486493951918266
0.26411700293802115
0.6940229510322153
0.5959380441240765
0.4585021062214948
0.8745081268478396
0.8928180680857409
0.932828753029085
0.6374569545944796
0.012358640220620942
0.42672732164135274
0.41331856184877946
0.19889512154510836
0.44286865673881975
0.5281490413134454
0.07747336502989287
0.18516651227014014
0.5381242995918389
0.5619162185766208
0.0963455177936395
0.1878066728971405
0.089723095684872
0.14110524355198506
0.19885668097114884
0.13218716543515457
0.15688835332001969
0.43487022292171756
0.008351963185055261
0.1329636943192334
0.64886467949577
0.48734319451436975
0.11240698103342488
0.2855421203171744
0.5468221608873014
0.2084316479400226
0.33717766174416847
0.10850454181640985
0.2731819697240949
0.361213998434253
0.5079502867659693
0.5251065092678541
0.2584609768259999
0.46313944722828576
0.3141424733543849
0.8309770261038145
0.473169569023715
0.05502047120692628
0.5971716493861059
0.415367333776412
0.2529949782469672
0.11329010258529833
0.9098116371875677
0.9272743314209071
0.9275455514270522
0.2475524627349601
0.03328270742734968
0.7765310889851458
0.35044775807604517
0.8176074186485129
0.7813628391650205
0.5138879155015309
0.6428469181321932
0.7448566444055602
0.11398059192764647
0.6840964963874014
0.74643043597637
0.5065383788570722
0.6672270358035396
0.47173069513402527
0.4500283570042575
0.6846648779256025
0.7535089426044981
0.3381363992421821
0.49495012917314357
0.7328800890685662
0.03770232313361094
0.9190857825264901
0.4331238409713281
0.22386907030939282
0.793258025310391
0.784361863543109
0.864318051556627
0.327490794034229
0.10758431730268943
0.6947982962052445
0.40974497264878695
0.5395522814306605
0.8258026230072011
0.7752227790761596
0.7660548776247108
0.35037265272753126
0.25842653046192565
0.47594252973702883
0.2938374213683847
0.8749210163912671
0.31882552693498084
0.35460575478104805
0.730969826234906
0.9194586489459964
0.6315080270528957
0.6387486413260265
0.27317026602556355
0.22502531246404747
0.981639081887186
0.9233367808754674
0.41024800863386734
0.415188461858593
0.9507207187707326
0.9064593165050117
0.03998579767463867
0.933490031903127
0.10058297308191155
0.5078422954844305
0.7227289351466155
0.9347477090609083
0.2508665121114428
0.4561386052232306
0.6699579144714508
0.985678158006877
0.19210170254976353
0.5388493593970004
0.2661522767412648
0.473355622137424
0.4839194567537045
0.7296719564524868
0.2907828941202821
0.05130403248389223
0.20509457719970312
0.3514190758800059
0.926945666038594
0.9152276134973727
0.6687365705373713
0.613945087813907
0.20606489266769443
0.39082357247623223
0.6574906887854597
0.22434452890038073
0.44120759022682415
0.8699333523274719
0.5387302672154959
0.29088937339954773
0.4784025909629974
0.3517386797260599
0.16686518227401143
0.319012680406365
0.7342519575553964
0.8189872492452497
0.18855588818425892
0.5215796843377348
0.3569243855868169
0.44269357833086154
0.42144641365410157
0.0003762114975256826
0.5117369064691655
0.2865948371150825
0.22482681571598578
0.6808745569134849
0.25733933726478886
0.5003169605196286
0.09892324394919788
0.23427637962845319
0.6590762098990036
0.0962184106496697
0.4166754252902439
0.054439707734496155
0.1264819249762782
0.06715592624815941
0.32518419917633606
0.7158742516538698
0.23987961581325162
0.4735859531224422
0.042497662091514496
0.9170597986663781
0.42512748540065187
0.8788813619891469
0.2465096831494044
0.9968325135626744
0.011671978381409195
0.8065552249931468
0.31759865513549196
0.808867591955806
0.33038928609364004
0.804089440091188
0.4448691184010303
0.9052707157787656
0.7279401585486609
0.07662065535250501
0.7083707906634371
0.619113052211589
0.9027495951792031
0.41960551735897267
0.5706815104237186
0.8994585981330343
0.3446594245473762
0.4561574731210141
0.20458669414604838
0.655836284722655
0.3283526905107684
0.1382516268073438
0.10489940336418244
0.33892795757786726
0.4633462418280585
0.5733011679832458
0.8036947790925657
0.18658582768632384
0.7164762804813373
0.4087140120129368
0.45600668244282483
0.9505261079663017
0.23293431882055904
0.521168094687854
0.31232745385824484
0.391833474277836
0.5126555093173744
0.5346710889627195
0.16351837362438015
0.7843402666372191
0.7208377530179575
0.4826866633721688
0.7659196309538753
0.9244829645129985
0.7134412181088174
0.4289421397773468
0.47448694349575893
0.11679991341530858
0.7772635867984096
0.8799291912059468
0.0664680259826941
0.7665326926947572
0.3216498170288191
0.42496101939861947
0.6016757586385492
0.09840455545767852
0.3263339216069914
0.8254731091899814
0.994391279954786
0.5091872880959315
0.41639064336411047
0.46078711232257064
0.9787117029940791
0.06535493014236575
0.5912587612359371
0.228643977911665
0.7066358379042369
0.1757928986486334
0.7571777977265842
0.9929594671203684
0.016551876776570076
0.8239644966983738
0.32707806630810676
0.8115819748046461
0.8354157807227417
0.32724992885905907
0.13736647636914326
0.4420001951363033
0.40557329341751647
0.4075042835345704
0.8118749367701791
0.233794664412106
0.7479414498833524
0.4713850214723695
0.15472185359852053
0.2103665035116097
0.7069164582152441
0.7526186345016296
0.27930488695749467
0.32027500300137346
0.48297500737449195
0.1444352590577989
0.3200071727767335
0.69293480206524
0.11021143149677147
0.46705617922071496
0.7251354301879578
0.6340489997254201
0.7947417519302771
0.7022244644031601
0.7789096292139038
0.3779978683738869
0.23985693880595346
0.7257636939079614
0.9572689582388717
0.9120938740008339
0.2859940420572555
0.05475186565620547
0.09562662800083371
0.1769217953085279
0.26512844165477806
0.2987381429731692
0.33054491662265334
0.18087669546305032
0.6924676194398816
0.3902293842210695
0.4323270474383668
0.39060842367973
0.8215779955238625
0.1790616664208534
0.6771182990261835
0.9301810433337598
0.7764467782110279
0.46564236722272184
0.3898566758935779
0.757777498480333
0.7876244890098213
0.04086475505024872
0.13714897644868754
0.33755207835017526
0.6459151181276759
0.20126028495424877
0.750344440124846
0.10456650907868378
0.7919355474232217
0.11934051868105958
0.2189612089525749
0.9231961029639444
0.3276447381708086
0.9376758067022469
0.6141324703906555
0.06917635453601409
0.21857089746341732
0.7196766600694381
0.00394579857139059
0.25601824378869376
0.6217842163357691
0.5864565179177923
0.701779618619513
0.5218537709549034
0.6784654599895737
0.5203483838663585
0.770458716027302
0.10149940036048072
0.7675633480896188
0.08722221505414247
0.251254839417759
0.9402809486674233
0.4178862203658405
0.962719484056731
0.5416557783410889
0.9072316425629384
0.41192901662579634
0.1345061960111579
0.8937574110230295
0.3662145196396439
0.744609926799048
0.7686640890040739
0.5197344064025108
0.9178916085328569
0.6487030603294812
0.7474012343351396
0.36195720180103047
0.9499181729236106
0.9568874789477783
0.16265945062813483
0.5353328914729044
0.09765260068507423
0.3506795794100856
0.4231663292782839
0.9563114200515617
0.16976143520101405
0.3209147119778814
0.22985194642311077
0.2874472024359317
0.6440101559167059
0.5277376607454926
0.411252014697627
0.05818781538472176
0.4608917541023076
0.5160374688766417
0.4958725059734381
0.6493880027143063
0.8469036722453228
0.00507787825916863
0.31654402051147923
0.5537375561374733
0.2989825916449491
0.8324849526763126
0.06942664306628094
0.41136023392037696
0.019972435933134212
0.013174557299424877
0.9445123494273445
0.873882236836363
0.10369766121011077
0.5865561368418105
0.7909409372405417
0.10941341304173459
0.7488040392639209
0.0021946834066170614
0.610808706155096
0.9909413934489271
0.4590916245922116
0.5752092864465741
0.9951479714342343
0.1253797118735919
0.20664006797157558
0.1744784778662779
0.13764573671629496
0.8673939186655766
0.23926924186945017
0.9732288360669273
0.871455787742232
0.2884310677167173
0.8674958265477634
0.6455668511981856
0.445100021916629
0.3768046226760749
0.6276377806320458
0.14882320653536055
0.5861847565803746
0.6147084810909267
0.6024696911484226
0.9932672920635894
0.042887867177062756
0.04925035481436034
0.006800237208243772
0.3521716604595318
0.5130714792103664
0.004861107564324135
0.7263765901062477
0.6991351760039378
0.9350648130042203
0.9203138038109223
0.026385763540919597
0.03153477249649183
0.10883653481444328
0.09503260016599224
0.41574709989954645
0.10888745301603113
0.04019204488954166
0.6534934758503557
0.2668349848831252
0.18545560761698673
0.7196436360678348
0.857305523082509
0.11857619710821869
0.2341634243973513
0.8927085159074915
0.5296853706647077
0.9046432956042247
0.9067199292121794
0.6162687673195972
0.7296680383782257
0.2872777005549897
0.20827303880844084
0.8787135548825422
0.5420567797841063
0.7612419369021252
0.6435380109715989
0.5831604882370173
0.13569577462615473
0.4394732207084145
0.2121609156321433
0.6587958084488121
0.7921788710572769
0.8758032394496431
0.004410474541918073
0.0098983023918343
0.25955968233486965
0.33007285177129164
0.6262501017795925
0.5793557806187315
0.8863040661325786
0.4940190957290987
0.6852844973418805
0.7176879058310494
0.2756836894765048
0.6165845336507967
0.08782658429535328
0.7715714556367284
0.6502741268503057
0.14833683004930168
0.11930556707446417
0.381022252201249
0.21844732468878936
0.4064346278408549
0.6382817313453649
0.6214025288940701
0.8056928886995002
0.22943950996813786
0.36601312647823486
0.7407639376071513
0.5762866455753386
0.0803691515970937
0.030995320167165857
0.41368063097949404
0.8453981766576928
0.762259712105156
0.8567492263866214
0.3998612859684852
0.8831133594940368
0.41699807409560297
0.10308292099303742
0.29922206169883464
0.528699412469165
0.8036194115767343
0.9420776294898585
0.9029597541819395
0.2884256951493548
0.35132743908933073
0.3356214561055561
0.2827978999870744
0.1449812078280587
0.17913165927384636
0.43973889305854447
0.7660478156381161
0.4899365207894697
0.3094015092019723
0.2998203091236354
0.27716151919439347
0.2112492853635576
0.17315495969174236
0.710799351065947
0.22942676365393375
0.5968137206829279
0.7423140076923449
0.29239124334821914
0.4568857853375942
0.7682375662944778
0.41373596039067023
0.7898238588318608
0.1642162807185637
0.35117243417628724
0.033977813801585065
0.7948381638448542
0.9567345266697886
0.22088327862874652
0.34158774210378773
0.2760177029789617
0.4329268026744889
0.962707100027026
0.8564724058719028
0.6513088125438041
0.5757052308755667
0.6018050862884751
0.2509775830440543
0.22833959862930622
0.10667675132601623
0.517624468697675
0.4861702937920162
0.462015752238053
0.4472049386283912
0.3649374299931772
0.3680519986792504
0.06770432276709451
0.05556139805278993
0.4014398338039139
0.3206505120488132
0.2727945919011895
0.09399549885444897
0.6898677981208317
0.40918449058904643
0.8125121390918562
0.8892577225262315
0.582044230556395
0.2079494393555176
0.8288288918315456
0.9451326198381338
0.5051320092909639
0.6501003972303315
0.9959122655330579
0.2820447140059668
0.2706321438987474
0.5354478585936955
0.7378050115572854
0.04362814945044348
0.15407677252031135
0.6557822579989931
0.5032070636905426
0.6384994391835955
0.030811172073875508
0.4637629740086148
0.19935520888908848
0.027684653587268654
0.5942384001336962
0.7099001446411084
0.8271967284513917
0.26027308896575185
0.6753154030222456
0.9783726258905387
0.45762912421181284
0.7286633028560242
0.4678175899447079
0.8937880426896534
0.4547431814918718
0.48232820614340416
0.7054308032918739
0.1644003515120766
0.077502562692513
0.6527491548964345
0.29196195856856355
0.7551895382533372
0.44614920644067113
0.37568699362289504
0.7466536658592435
0.22483900952304575
0.9401479313501088
0.5977031857059949
0.6477093854275421
0.4544701370247148
0.7230719009877545
0.8490384862758232
0.988462719274742
0.9990139910473745
0.058857691996358326
0.18617066571570434
0.06886464085519438
0.09495048312230514
0.2833616703141545
0.8397719239985013
0.5373693685449727
0.8868209667174987
0.3023305288247648
0.5618988119240276
0.7357051465722432
0.2932588083198835
0.6927890661405693
0.23626371895495188
0.21955425820017369
0.6122035485083094
0.8848632946730511
0.8194171317011965
0.8375269554568471
0.13535822349472681
0.7127022334006766
0.635220439435414
0.7068948291787237
0.765297370772309
0.5578784130138136
0.017819891382599578
0.9604972181337471
0.09290389048960275
0.17783031658937826
0.039311216719619256
0.3746619219728
0.6411185279378327
0.1340769200790672
0.8036656503478194
0.7366329834842265
0.15522242018167476
0.8336761694877975
0.9736572859158543
0.52369665725364
0.8285015745387244
0.3930894862307732
0.41330797527173047
0.7806238525942344
0.7051144939995871
0.4141610458366335
0.1691276384933267
0.33105722695121154
0.1886235722884776
0.5705597320749481
0.1680640769091733
0.016442236588333086
0.019205094779529544
0.7067725502440452
0.8105590812853279
0.6583775114134239
0.542639125806498
0.26100978657836926
0.4667673898133489
0.5650010799337702
0.4335893735258351
0.817732330665068
0.11831486565281919
0.995979827866844
0.21195790290069857
0.6446698096327764
0.29123188312543363
0.05680127740247774
0.6887042893214367
0.6497784715969867
0.4030997440788771
0.003826263778811057
0.22882055691319422
0.02065008745883084
0.4010976367695976
0.3622528462085389
0.7566278396124465
0.7866044879457293
0.8114132079700818
0.21666941048280278
0.8560172456902423
0.35046991237852304
0.1709930804945903
0.09562654092216877
0.7615362453273357
0.2959526482872085
0.9358871869427466
0.6957239202946833
0.8638745506028428
0.2764339224664159
0.24209012867760538
0.033347095115155864
0.8853455905690517
0.8021707979150876
0.6840223908137198
0.5159336659857544
0.14338112711517012
0.34202178896882857
0.38806752015791
0.8180602572757131
0.1178868130129895
0.801784329063059
0.022981588444712202
0.9872048281455889
0.3882344385499049
0.1536931679509997
0.5155793582649218
0.7958597642227149
0.6286756731021544
0.9029718455435113
0.41358167399302787
0.770429488562358
0.06096028040157127
0.031013415998497638
0.7052503038877769
0.9191903041656091
0.24270432733057537
0.48181217052436703
0.4796881104761565
0.7987991199247113
0.42685217801138137
0.6127709952314309
0.12020262051423665
0.6219457484233929
0.8111111749222327
0.03739182040502752
0.8967655341902822
0.8515167506680555
0.05771311372619301
0.29648181485669167
0.10109363822906203
0.9569461273599404
0.34649270658159703
0.5370234462201775
0.38260775398984853
0.042575719732732914
0.032877797223297374
0.8611454926706531
0.1630059401284055
0.32641438322472194
0.002675473586772221
0.42382410637927576
0.33982584804384425
0.006824036226468053
0.15989741712311814
0.7055218400779514
0.4598165628597711
0.9312565479663578
0.03097479032416744
0.6732439170672407
0.8208160681486462
0.38789667973353287
0.2998498639484802
0.8223701322108945
0.84441179540885
0.051157224606886216
0.6441712931235389
0.25637667773439293
0.9047195257576326
0.8691197938232025
0.9492221203255936
0.032440576876429844
0.4413021194727256
0.6332360193396668
0.43001963790601233
0.4185301780361396
0.36789012735736243
0.7087994961604233
0.6544439252755457
0.027311138967219022
0.3791019068689078
0.7141752942810909
0.7146098594271697
0.9975979550509656
0.8054628291950255
0.927677536140412
0.03935729157792327
0.6640988006565139
0.8531811047488986
0.37406307384490955
0.04116863071990088
0.7954048599219441
0.549289112503672
0.5889888826081734
0.7861003632445065
0.8265593671063773
0.003702025574171292
0.6272752444430374
0.7303800121692575
0.6509708006405102
0.7026639378522754
0.3469034752705886
0.548105136958386
0.016974825535613046
0.8672471296478537
0.41175777829382987
0.884547848018341
0.27957120215306297
0.5291201833302617
0.12347104323142605
0.8473837301730682
0.9758192947996812
0.9645835178981936
0.954075453441519
0.9783174184826258
0.840594497472899
0.11170323151961718
0.7005892164824897
0.2266117828281715
0.8199238773771019
0.6617419057624221
0.5186062866985117
0.24114329557814765
0.5558475837149419
0.9900408275258943
0.11666901183015539
0.6867377089433008
0.7328277429165716
0.9022943574649344
0.38718547172252515
0.11433227681115121
0.6664625091068918
0.07828399545584598
0.4232697559148328
0.7157826539787446
0.9383065354003943
0.8877731060275823
0.452396850823086
0.6858144671771231
0.9556648209174823
0.5242767401620657
0.5681426432388066
0.3771224558449981
0.09592223725091326
0.050075807472636916
0.7269178596788354
0.7193977308074777
0.38690879113903004
0.2948550426703526
0.9758157329563221
0.28265980649582106
0.8953989775020135
0.6636653661360956
0.8312733128911
0.04684386885341367
0.20968824499639568
0.35225948953767633
0.45146677617567815
0.988643369785934
0.06316447168081303
0.5447705046535156
0.5050489467219871
0.7967981991204494
0.6209829377859019
0.49821905922833004
0.5434236673247356
0.891234298557214
0.08945385660193912
0.8047757035571492
0.6573993707399511
0.5960049950445628
0.7811992411709955
0.7399989748186867
0.643521054147831
0.11598128828315717
0.6720725832951948
0.12898361399504166
0.8422670388108922
0.31688907693906876
0.8020330182795572
0.7435402273331694
0.8967360049768094
0.7937436516160797
0.6748624542661456
0.6375054599719904
0.93577287198062
0.1244637740050594
0.4178163839750476
0.7010016345438408
0.12551461791317922
0.15002240361754318
0.972632697622199
0.3448507910894614
0.03338614407561673
0.795751409958185
0.5196577070953332
0.6656860500720093
0.28350526792209035
0.4126406733014761
0.5396297521057978
0.8129507750491056
0.43449577371941905
0.8268914262283167
0.7402176600800067
0.7014433627250185
0.32047330184337847
0.0566154529284719
0.07888429667985387
0.11840845216739879
0.38569057924292066
0.1432620679956186
0.568513579259353
0.8135481249117317
