(0 . 10)
(0.062 0.05827273898104751 0.05476955013473055 0.051476962888879825 0.048382316483238125 0.04547371128590593 0.04273996303650179 0.040170559840091734 0.037755621746519606 0.03548586275971126 0.033352555130869814)
0.8903706127770915
0.9158854259886241
0.828870899138308
0.8351873182037293
0.5951894022988612
0.8065341847853528
0.7895139318934871
0.2508999722048627
0.4624921663660488
0.1754964805448586
0.24263987328603254
0.40949870417260814
0.9359593982062199
0.7812602279014251
0.466356197605396
0.38433999240927363
0.7172436491089592
0.7482647527100214
0.3341271417444678
0.6253243254189054
0.45991865281553007
0.6060006066803183
0.799924732508218
0.04800230124603926
0.5124498818976748
0.19055591538446734
0.43201224013663503
0.2374910496636616
0.2691331948106421
0.08122026708298725
0.7752211127071622
0.9625384263247235
0.9702742278615571
0.24664284156209584
0.8796527115553069
0.5943199481392627
0.8261448514736559
0.7345906900695673
0.1585267686689198
0.7623416349680769
0.6577652233688084
0.6616103922983078
0.8673539737727556
0.8549832289192155
0.5505764425080037
0.9505008663293395
0.04077998653106327
0.7721871302032199
0.993774796068938
0.8690972618694023
0.06681641724375421
0.10017519882797296
0.4438566801422717
0.8175499457983275
0.15935238873243726
0.3934166610312335
0.46267501107333286
0.7713432515597429
0.4127194922989361
0.8581537596173543
0.6181358212074849
0.6700158774301649
0.3693770868308922
0.3651087472547357
0.17241622667353954
0.7147314985432085
0.15600332837754216
0.49236505162248645
0.33721977033226574
0.6830512208572249
0.3716796790969962
0.3557217763713863
0.7952864001084984
0.7932038523690779
0.9121752727619505
0.5527633945398932
0.3385412696321924
0.9500686138901562
0.22303548836879936
0.9822347507124833
0.3556338087590021
0.5391831249348098
0.5700204124590955
0.7949762107699765
0.2837672939113335
0.9204369756511626
0.7191454264294005
0.4586071894481535
0.49081070746496025
0.06332667595053758
0.43327246911839434
0.3291033561000363
0.34580406428483446
0.7897901761523348
0.29303418005609644
0.10961350887073434
0.011638991632710738
0.1054619324710411
0.4843357626213317
0.8197805668493635
0.3818768606126279
0.24496612952858093
0.7369464287266269
0.7104192063601676
0.9363342564919791
0.41804565464926335
0.5085620339449736
0.6350162758220419
0.26002312313877274
0.13417153547231095
0.06532141859337108
0.6681658911934368
0.34883790778887575
0.7729207260458524
0.547344243118447
0.5176948007849321
0.1932802377739664
0.07088505843283892
0.5353761160183308
0.49686507073881453
0.22429394807041186
0.6000382466725902
0.9006326504358071
0.5801486095113007
0.5757531297292214
0.15502003003940132
0.5524067403517203
0.3600715226249017
0.9000935324513016
0.7906476881948112
0.6090348948909106
0.596061658342561
0.9016131794861382
0.530651467008401
0.8109531026981411
0.19504558331553856
0.3018531344797118
0.9953057747389193
0.5857265996353545
0.5991790186681869
0.8099108560619546
0.8544454217712972
0.14119501234231577
0.9003613964363865
0.7268578575892455
0.9696438817041758
0.47516523414160333
0.26434163539276
0.8906163091883512
0.653508526256721
0.05860003018491117
0.01877699254677036
0.8658036326726796
0.015123097259924802
0.427914214554745
0.141100854461309
0.7581368774856606
0.008224660463335315
0.6945875001778361
0.15167317389231647
0.9449688842411917
0.03910600327282415
0.6043570862864782
0.8134405564506623
0.9742662982659858
0.13033893637137925
0.9033341991932862
0.6772941797685785
0.9930916418235427
0.770961761092778
0.5491752906768724
0.4089632711988782
0.737868987367663
0.8643557195984736
0.14987203040471822
0.7138079699296639
0.97097910264592
0.616450090711382
0.34813333032925914
0.7650100449384399
0.8229169990324267
0.5511227170083498
0.7753998314224103
0.4839630773440749
0.9244984323847281
0.360652777835675
0.8922231068328038
0.46745894552009665
0.15453682587101586
0.19782665142508774
0.15852246200029554
0.6690311974749177
0.5894653188550814
0.025331450223210653
0.8206726707750736
0.5202141060038782
0.3377564920236707
0.25141970843432926
0.4107708945964338
0.2755379074513644
0.7171919225193374
0.9141708712902715
0.7429263867737467
0.9786559344642877
0.8876552634482028
0.6822405345519147
0.2577616580795555
0.1014310696855333
0.024969812062038323
0.19603552733906307
0.44759884688550616
0.25399235282801313
0.20914579823201665
0.36459041569261036
0.939618021585175
0.43188220188755033
0.42692803028063625
0.09839861292087276
0.3928161956616139
0.3726271084757612
0.817877552965314
0.9653746142978594
0.027788122831827394
0.7136981595422182
0.9235826223402251
0.7194326325883129
0.5919109510997026
0.33400049863199327
0.7886326790404501
0.7325468276091247
0.6313828167802715
0.5854150775741638
0.3672122751316413
0.979835735821592
0.3468188022119717
0.7062845700204351
0.013722113299695676
0.30134770429700675
0.667627823973677
0.3117462598819337
0.48170789778121814
0.09688257196721971
0.7185170411717949
0.7958263623369587
0.16201831905632522
0.8365762690100503
0.21945217010706
0.5293931912430059
0.8972113175829767
0.19935123563396212
0.6779806010937237
0.5340960270473672
0.5241665130077476
0.8239476160102301
0.6982916019029575
0.14286164350696418
0.4096624171849766
0.21459434848176887
0.7937427878143499
0.7234883838066795
0.05382344131247974
0.4315714414154319
0.8095358804295453
0.8658050338475609
0.7543630082876203
0.42354936923325737
0.5932702893391765
0.9759476841420677
0.3950844782352381
0.29261357962703904
0.5570551240508133
0.7637042950025047
0.3015869983309172
0.1301782448024198
0.3501367442841742
0.8795352778265574
0.8193933750581514
0.08123505765034165
0.0002002862844754819
0.9023896182647536
0.7437053703914204
0.27961917714234186
0.3854677605389837
0.5311908399424736
0.5057729566937255
0.34530874500615033
0.4793610611714192
0.7524471498348302
0.01108614292599208
0.1388582442613586
0.0920424978586006
0.7921515709644945
0.9010119855893993
0.6840107527734332
0.32630646901012994
0.19731852157093877
0.5319036712488076
0.47804508996973255
0.15567498965663787
0.17412278131058873
0.047584120625978596
0.9705801647809974
0.5791893430220391
0.7033762278273366
0.059329058588585865
0.3662172065054018
0.24042431614553972
0.3912785647869906
0.8292085222144082
0.7789983949697731
0.6532688492163832
0.38948630611718443
0.7059274746181711
0.2267589157367718
0.8383130923307323
0.6649824330388443
0.9859938472711296
0.2862367312277761
0.09112637395837479
0.19103469064813475
0.8332067430734176
0.31662849030893436
0.9291651219284036
0.9108233147885767
0.6489392567843585
0.2565037241095618
0.2585623177655419
0.11588221907231529
0.3074116648504572
0.8438428839480784
0.4962985129631336
0.20690446766934575
0.3693137745878811
0.5358958990467589
0.5789216788056561
0.03517316731531611
0.9800405450743702
0.4922762895919076
0.6078509880306678
0.5583063534292676
0.5855222213521186
0.49217024687011995
0.9285737949291593
0.6226835317253542
0.5502404126920751
0.14470025433638434
0.538988213778834
0.6043335140453119
0.8528812021015423
0.647840524732794
0.8012110115149735
0.4024840371489245
0.4045863079731241
0.11707782683712152
0.6463817640783748
0.5191246175621451
0.4912261190300418
0.44347318453770657
0.7009705565408515
0.0777260780257695
0.08681465360742248
0.6391565701795199
0.7256836879398225
0.17181733640330052
0.09981004632089513
0.3335924989979807
0.8525450565687781
0.29099586851129794
0.02197510948656657
0.37251671484752485
0.8160123717343839
0.5903074342720086
0.5191248294380412
0.11347787887868445
0.23677888751263002
0.5154187642520068
0.49791572419145863
0.5897816998592098
0.05452949538410992
0.51039085284837
0.6980172330950352
0.2628610533836994
0.7074865426768552
0.917002439670383
0.20155033956339366
0.1223247299072202
0.02414607303738203
0.9208585351096875
0.3879910581051699
0.06033132540735316
0.9242330324464644
0.19917029967238717
0.5729089554317908
0.6277506667124431
0.7314079723164576
0.41557085407868444
0.2604188598150208
0.0010532034139768944
0.2094278737346171
0.8256219378042415
0.3136024706133907
0.04398970425824134
0.9583251865887175
0.26013108252251177
0.8013946657744447
0.581295107470216
0.7896511019783629
0.5154890250930836
0.685295821060783
0.30594789624148105
0.7629853556167694
0.34242458157807426
0.2401348696900655
0.0362385091226571
0.47574025158630046
0.45708371793697905
0.02230895558378258
0.9196991651080145
0.4197209592214692
0.21893189184782877
0.11971118065992502
0.7026132673825044
0.11216159684807346
0.7326322031178275
0.20850295721753853
0.36420721112636384
0.14167498156158165
0.5815653076780923
0.6597384810972969
0.342964230416473
0.9156385761342999
0.4516710438643529
0.6925611279561917
0.18178764446913967
0.09653106240519811
0.11502534452017203
0.0508275841297902
0.046356384791929287
0.46107581604825565
0.1713586558221375
0.1333295443869534
0.6855711442415598
0.5395432636665644
0.40981352032190477
0.8693422886596984
0.005383091540933364
0.5495949975018761
0.43115656396387275
0.43021247733482054
0.42799190036540746
0.24285272870058372
0.23149347332088335
0.13851383719846563
0.19179884621271867
0.40823175686230084
0.6538647892893935
0.8793864010163517
0.20353244904772133
0.44717416982451164
0.028686071505468078
0.36726168924719826
0.22194451865843962
0.15597063383131565
0.3333515148463462
0.6104856305711464
0.5370047373457313
0.50955583946491
0.9213941629626756
0.08419128216611843
0.5710535817265383
0.49725883673639926
0.0662419788488959
0.7404694845941041
0.05068831484372949
0.27871959260051965
0.19038714086649133
0.0468998937297561
0.7146549407970691
0.5444510751976221
0.15761898639256816
0.9961803979718878
0.9854545241628172
0.17846455171718886
0.5481759544975587
0.15590105076027536
0.5979864404958626
0.5441073738444443
0.6054237400945598
0.8124733678983667
0.5309264409431955
0.7507366626880193
0.295610499914499
0.4472701137494724
0.4144762896958432
0.9796240704045182
0.5913378908294908
0.7411283203760839
0.5844306912183724
0.194820541777339
0.1707817955228066
0.4233164289150893
0.5894935719237344
0.27619239535369405
0.8204878765767157
0.2469590255914902
0.31243896553928613
0.2617564663396555
0.1605977882641228
0.9564053539494783
0.14222622094281345
0.5226267682636082
0.012043852709494849
0.023798583762279113
0.6544112758984663
0.27802816495063215
0.2644250011072495
0.6760109489807574
0.8653121944481825
0.5827358870788163
0.07681786501270625
0.27458487593421116
0.17672896216614736
0.4012576864244414
0.09858148160971426
0.9307598428796157
0.4368905559818344
0.3896929251626433
0.09311921972986258
0.182463536493577
0.42891681851230057
0.8451427400088148
0.2858427733777317
0.49219652809595643
0.18291785429392796
0.5561653591418627
0.3903787474145134
0.7196396700304587
0.39917618223201623
0.2944782290727533
0.6732084336754295
0.07271012387324725
0.7944044920699984
0.041388177687474756
0.32903138930875087
0.39660634926849064
0.6198616183668414
0.8877516751299493
0.9020577991912194
0.43723608202885494
0.8513874460683645
0.7077953301420037
0.40999207442587976
0.9560184741513438
0.4065771812033034
0.3916166793686034
0.2867831163226832
0.9943490412143527
0.08510173733838866
0.45222030208954195
0.5256838177661957
0.8557589135593395
0.8902574216885362
0.6178565734331886
0.3559029242088572
0.15810694473009662
0.010929572925286174
0.09973537170909283
0.9802128150789686
0.76396044527734
0.8789028543540729
0.24147726484278012
0.7554645978698127
0.47382798454636266
0.9568544104755199
0.14810773236826258
0.9315893316572954
0.4512337196750133
0.9591310602843903
0.42028984553653004
0.056211382311761274
0.6190306238733162
0.9766338710067434
0.847117989836387
0.5998921105120236
0.3029975702575163
0.29394360611687187
0.5091715052043259
0.5422671013026399
0.20174630125128448
0.38385951864597856
0.3496890903299979
0.6459230311103143
0.31100223532143634
0.17864266274442755
0.21944077840160625
0.6125791879409159
0.7703495324199794
0.27653291228200444
0.3973215084157125
0.16931243408866842
0.31759974804258617
0.1003954598871655
0.40617021743287457
0.07629006981578063
0.5100543843794875
0.12253781722110371
0.6439836686357397
0.09499024920118318
0.44787434794890335
0.5942443969200446
0.8657210255204638
0.25681382450677354
0.3495862220213596
0.4598085448705073
0.5551985314770822
0.5409771731410297
0.8844692322820427
0.9132984222299587
0.6555680072303269
0.6959308501690666
0.6773078257404334
0.8537567214997016
0.5290128151035555
0.7523763944614423
0.8889039181852749
0.47717512940345963
0.29715110543356976
0.5852273196743993
0.7009344340288924
0.0625693567596437
0.18302806677991476
0.44445462302457583
0.6976204505434851
0.908293455821704
0.7612191018028123
0.4599398154922486
0.08859438226270293
0.9685304063498799
0.08475487228227162
0.9370856447875999
0.5384597086812415
0.47011499055286826
0.9665503013046606
0.5913251535956823
0.5214578135551944
0.1230479347505538
0.2536648681299511
0.550944429961136
0.8319633104951049
0.030463064167722445
0.08971454637605364
0.7102404236164895
0.14790376084018086
0.949386795627059
0.7259089420524101
0.4899191958604364
0.26514503642687753
0.24630255187650466
0.40224009046003667
0.14971317214433566
0.3844332476058313
0.4131166382991385
0.8044100655981559
0.6707358089073209
0.3491055238093131
0.6582866643843303
0.639777497172756
0.7169485038903749
0.5570730210447657
0.8163336438120804
0.9293620533559722
0.1967901133308987
0.7742003409736025
0.115172199661801
0.5029594503845009
0.5617694032490338
0.5598356894789784
0.23431239084735916
0.8635345449706506
0.7753160806060175
0.895132291407212
0.010213769768472788
0.6501189168134552
0.43504316953219924
0.6316106292360953
0.8833295152831216
0.5683753551501022
0.2518866493814679
0.37708662832947887
0.6358660916472196
0.5339445837448522
0.5189165973418048
0.5742063465143834
0.8354340244015394
0.13754205117205778
0.31056854585145083
0.5885704407521178
0.7363923287879687
0.2568840785957613
0.5188518164030225
0.11062359367723286
0.4868791660458936
0.8178949903515537
0.28610479773716024
0.2899296356610405
0.10674233832452595
0.8736266965778435
0.6909135050862119
0.8546538329143072
0.5493542273216134
0.8734576219411534
0.5120525764084738
0.994421909525934
0.11093888549955754
0.7234555160344457
0.9833061579912159
0.14210668382192737
0.04987044594554528
0.8677856187567602
0.3824576622692854
0.4662304241154176
0.22312275748921875
0.4992624537196454
0.6861831344957678
0.4834322674558293
0.6337662646135742
0.48993078547194685
0.12342576488679255
0.6215430040100928
0.10638371066372186
0.02373294717083988
0.17079322005738268
0.0027674407641467827
0.4764217820707082
0.3355157477285889
0.6262576459584736
0.12584079573277512
0.39357953073096985
0.8673566352599721
0.15918637488753676
0.27417120384695254
0.5587187517000131
0.7342263478131686
0.32990890010750185
0.24828549978402073
0.427970889494276
0.22700575348390192
0.4418190445048645
0.17185660818269816
0.42200551013861465
0.25336781695962557
0.04473145452890139
0.6644315985501215
0.5089018616945453
0.38236936496869384
0.9806829418479587
0.8033028203265246
0.6943299156661664
0.38495218662313535
0.4601239901282336
0.6988890302295141
0.5632947432262141
0.047095490572010644
0.9054284063934136
0.34141242364742425
0.9718206087450234
0.9097063586159896
0.00588475266099641
0.6946087869532938
0.08256501731777649
0.16485490144459056
0.40792451865233015
0.6783797196352347
0.7132315198779471
0.1977197421076024
0.061144151892043565
0.1931436160052829
0.9790598753943235
0.8824059931888354
0.5385227412946361
0.7789926957410017
0.07305603595349368
0.8830340874081223
0.2605899507651827
0.712425966091594
0.8732547533318841
0.7133633483619375
0.42472613168485357
0.32353322820153824
0.9545758291035362
0.33792612801506994
0.8435175226655893
0.6027415141859639
0.4183283527410351
0.06541819372376993
0.33070361795517444
0.02087792133507497
0.4564770008314439
0.12042217702786738
0.29566067142817654
0.590723119878771
0.8662180684444863
0.9431025190663813
0.923829999323152
0.02623726065674569
0.6571333205056682
0.452918072512131
0.7268878128828168
0.3900153730351473
0.45597087751187915
0.7167510951599637
0.6914655644970102
0.7787037237944023
0.3620045637471949
0.37305515343217927
0.15405027080384465
0.6255902473634974
0.3176732261376528
0.5930250043396841
0.41813607257145996
0.4553763742368403
0.14237514268933557
0.9028205896696735
0.22276172166095073
0.33243042140862156
0.7022505670478842
0.9924610721487327
0.6450315839998819
0.7206774530701596
0.7024654899986512
0.3186525318957229
0.7689258341995473
0.3736819722051384
0.445440341404544
0.725320062801841
0.6518162804604011
0.5511641094093526
0.8123637791657043
0.18583773324597827
0.7555144662379775
0.7459535273160631
0.4165068952444555
0.9227752534060862
0.41906159980334645
0.5085323410515504
0.09489279234262668
0.35832099722017713
0.8633267219578751
0.3962891175011491
0.2620634190992432
0.8173607352681069
0.4016465580888289
0.1024586547425483
0.2285864268303795
0.2068491615412351
0.9408920332103836
0.9388953722757841
0.6614609019793263
0.8035160748128183
0.8252752105838722
0.485194871183609
0.0419573110358605
0.20195448585006714
0.6102068212169732
0.02065066185205655
0.26605669626495637
0.5311756007104472
0.4316598614177786
0.9534655474873339
0.5213450871966263
0.28818185067312446
0.47552691351380155
0.5078059485237202
0.9241272488651956
0.24627530091099037
0.6942918601941102
0.26170188431488167
0.9866752469047093
0.7911537349130905
0.45393329775382907
0.4341947513894431
0.8821712977931905
0.49304510363223536
0.001994984553883967
0.6702122014025548
0.08614709878307687
0.35995689613535875
0.1933179423702257
0.09800703320313779
0.7549687114156531
0.4195864352569866
0.7075384785812358
0.15596932695284954
0.7175269197313114
0.9251466280386083
0.42565915257136894
0.874021070030607
0.8633232062149856
0.4692783014871848
0.740430442618563
0.8712619517982207
0.470790543575872
0.5356217009037068
0.13255829423948315
0.99222033037381
0.48808430636337397
0.47945703676134904
0.6472319154125262
0.7442085099861423
0.5181423357626437
0.8874031709460215
0.30427617539871593
0.6793468048107195
0.12938429017363406
0.916136819067518
0.43415573060149143
0.5965974182105305
0.5294267130365494
0.1655208483404332
0.5659737905307087
0.6133296633075388
0.970631755164686
0.17414102522221703
0.08711263842867427
0.6909551964417755
0.07383172897552132
0.05031444236296323
0.6992478166808249
0.5356507528143368
0.4188799364788055
0.10610830995033693
0.5911713831507712
0.3582588908071279
0.33616853922676676
0.7179645901398349
0.9722672396413019
0.03656683946165783
0.4367230024278128
0.7833721120705361
0.8318409773108837
0.950978713064355
0.16479836736760578
0.7384697651960215
0.5170407412910076
0.35535580802569355
0.6286690057635199
0.40683259666459176
0.8413350370241534
0.81802372451614
0.02502851635355768
0.5183083326109065
0.8268574520448108
0.4141607233661764
0.27921756940829906
0.2781271696673826
0.10235140665646004
0.7224970013553688
0.08186108945568712
0.8621452404945648
0.4644715882861266
0.5286119123807359
0.7539927309449967
0.25672053368712566
0.48854725216930467
0.4311064893077477
0.3346310154542447
0.12057756727564475
0.8837465990379669
0.8780641436198127
0.697528916198298
0.8076517230345771
0.34353755238834094
0.9137704705503439
0.48348984531264005
0.6860569647280148
0.9235583751229901
0.14149222602843844
0.7312051078981401
0.5922625589162606
0.7982390772164167
0.5796977252646179
0.9438226302888029
0.3576598028636629
0.9105347211917915
0.34169472778972787
0.9990500362595561
0.12406682334977652
0.43206629503280614
0.9901124162001962
0.0996799626698327
0.8770762915797227
0.2527947587848897
0.6878086701184986
0.33794056514549015
0.9803672940275626
0.37230829695242595
0.5407138377121833
0.282993733618105
0.877411552355998
0.43179196906572437
